time,cyln_pre,tank_pre,force,pos,val1,val2,duty
0,613,613,544,3283,0,0,30
1,612,618,539,3284,0,0,30
2,622,613,540,3283,0,0,30
3,613,615,538,3284,0,0,30
4,621,610,540,3284,0,0,30
5,618,610,540,3285,0,0,30
6,620,614,539,3282,0,0,30
7,609,607,535,3282,0,0,30
8,614,618,544,3283,0,0,30
9,618,608,547,3280,0,0,30
10,616,604,540,3283,0,0,30
11,615,609,541,3285,0,0,30
12,613,611,541,3283,0,0,30
13,616,615,539,3285,0,0,30
14,619,611,538,3287,0,0,30
15,611,613,543,3284,0,0,30
16,612,612,541,3278,0,0,30
17,616,611,539,3283,0,0,30
18,616,614,538,3285,0,0,30
19,614,609,536,3284,0,0,30
20,615,611,537,3283,0,0,30
21,617,615,539,3276,0,0,30
22,615,609,538,3283,0,0,30
23,610,615,539,3282,0,0,30
24,613,606,541,3284,0,0,30
25,618,613,540,3286,0,0,30
26,614,610,540,3284,0,0,30
27,606,612,543,3284,0,0,30
28,613,619,540,3285,0,0,30
29,613,601,538,3282,0,0,30
30,618,612,540,3284,0,0,30
31,617,608,539,3281,0,0,30
32,615,614,541,3281,0,0,30
33,620,613,540,3281,0,0,30
34,611,614,541,3284,0,0,30
35,622,625,540,3284,0,0,30
36,612,612,538,3282,0,0,30
37,615,604,541,3283,0,0,30
38,615,609,542,3282,0,0,30
39,613,603,541,3283,0,0,30
40,615,611,538,3285,0,0,30
41,613,604,539,3286,0,0,30
42,616,611,537,3284,0,0,30
43,619,614,540,3283,0,0,30
44,612,613,537,3284,0,0,30
45,616,608,540,3284,0,0,30
46,616,623,538,3283,0,0,30
47,620,610,540,3282,0,0,30
48,615,612,537,3283,0,0,30
49,619,619,541,3292,0,0,30
50,620,610,539,3285,0,0,30
51,611,616,541,3284,0,0,30
52,606,609,537,3283,0,0,30
53,615,608,539,3278,0,0,30
54,624,608,539,3284,0,0,30
55,616,599,540,3283,0,0,30
56,614,616,540,3283,0,0,30
57,617,614,548,3290,0,0,30
58,615,610,538,3281,0,0,30
59,613,612,541,3286,0,0,30
60,613,611,541,3290,0,0,30
61,621,616,537,3284,0,0,30
62,616,615,541,3284,0,0,30
63,614,612,540,3284,0,0,30
64,604,608,539,3289,0,0,30
65,617,613,539,3284,0,0,30
66,599,614,540,3284,0,0,30
67,614,609,540,3286,0,0,30
68,610,603,545,3285,0,0,30
69,616,616,540,3284,0,0,30
70,620,615,540,3284,0,0,30
71,613,610,539,3281,0,0,30
72,616,614,544,3282,0,0,30
73,612,611,541,3285,0,0,30
74,616,610,545,3284,0,0,30
75,615,611,539,3283,0,0,30
76,616,610,545,3283,0,0,30
77,614,599,540,3289,0,0,30
78,614,609,538,3284,0,0,30
79,617,613,538,3283,0,0,30
80,618,611,541,3284,0,0,30
81,617,610,538,3284,0,0,30
82,611,612,539,3283,0,0,30
83,616,613,541,3286,0,0,30
84,613,614,540,3287,0,0,30
85,616,600,543,3285,0,0,30
86,616,615,541,3284,0,0,30
87,618,612,540,3281,0,0,30
88,618,609,541,3283,0,0,30
89,615,608,540,3285,0,0,30
90,616,611,543,3284,0,0,30
91,616,612,537,3283,0,0,30
92,611,612,538,3282,0,0,30
93,618,608,539,3285,0,0,30
94,614,613,543,3283,0,0,30
95,618,614,541,3283,0,0,30
96,617,608,540,3280,0,0,30
97,615,611,537,3286,0,0,30
98,613,608,540,3282,0,0,30
99,614,611,539,3281,0,0,30
100,612,613,536,3283,0,0,30
101,609,608,541,3286,0,0,30
102,616,614,539,3284,0,0,30
103,618,606,544,3285,0,0,30
104,617,611,540,3283,0,0,30
105,618,611,538,3287,0,0,30
106,617,611,541,3282,0,0,30
107,615,612,539,3283,0,0,30
108,618,614,540,3284,0,0,30
109,612,610,540,3284,0,0,30
110,613,614,540,3283,0,0,30
111,614,615,539,3285,0,0,30
112,615,619,539,3283,0,0,30
113,618,611,541,3282,0,0,30
114,619,629,542,3283,0,0,30
115,615,604,543,3284,0,0,30
116,614,608,537,3286,0,0,30
117,613,613,538,3290,0,0,30
118,618,606,540,3288,0,0,30
119,618,614,539,3284,0,0,30
120,616,610,538,3277,0,0,30
121,611,614,537,3283,0,0,30
122,617,612,540,3285,0,0,30
123,622,614,540,3285,0,0,30
124,616,610,540,3283,0,0,30
125,616,603,541,3279,0,0,30
126,615,613,538,3285,0,0,30
127,618,611,539,3282,0,0,30
128,616,610,545,3283,0,0,30
129,617,608,542,3280,0,0,30
130,619,623,540,3284,0,0,30
131,614,617,541,3283,0,0,30
132,617,616,537,3283,0,0,30
133,617,617,539,3278,0,0,30
134,614,613,544,3282,0,0,30
135,612,627,541,3280,0,0,30
136,619,605,542,3284,0,0,30
137,616,610,533,3279,0,0,30
138,619,613,542,3284,0,0,30
139,617,607,540,3282,0,0,30
140,616,602,544,3284,0,0,30
141,611,597,540,3285,0,0,30
142,619,608,539,3289,0,0,30
143,615,613,540,3286,0,0,30
144,611,616,541,3285,0,0,30
145,615,614,537,3285,0,0,30
146,617,605,541,3283,0,0,30
147,615,610,537,3282,0,0,30
148,608,607,537,3283,0,0,30
149,614,605,539,3283,0,0,30
150,610,607,543,3283,0,0,30
151,614,621,538,3283,0,0,30
152,614,612,539,3282,0,0,30
153,619,607,542,3281,0,0,30
154,613,611,541,3284,0,0,30
155,613,609,539,3285,0,0,30
156,615,617,540,3283,0,0,30
157,612,610,544,3287,0,0,30
158,613,610,540,3284,0,0,30
159,615,607,538,3283,0,0,30
160,612,614,537,3281,0,0,30
161,617,606,541,3285,0,0,30
162,614,610,536,3283,0,0,30
163,618,618,538,3285,0,0,30
164,611,602,542,3285,0,0,30
165,620,604,540,3286,0,0,30
166,616,613,543,3286,0,0,30
167,609,616,542,3283,0,0,30
168,615,609,538,3284,0,0,30
169,620,610,538,3283,0,0,30
170,613,610,537,3283,0,0,30
171,618,607,539,3284,0,0,30
172,609,609,540,3284,0,0,30
173,616,612,540,3283,0,0,30
174,615,613,537,3285,0,0,30
175,616,610,539,3281,0,0,30
176,614,610,532,3285,0,0,30
177,614,607,541,3278,0,0,30
178,614,622,539,3285,0,0,30
179,612,620,537,3286,0,0,30
180,614,608,538,3283,0,0,30
181,614,603,540,3284,0,0,30
182,609,604,540,3282,0,0,30
183,617,611,539,3284,0,0,30
184,625,617,544,3285,0,0,30
185,614,616,542,3283,0,0,30
186,613,611,540,3283,0,0,30
187,618,608,539,3282,0,0,30
188,616,612,543,3282,0,0,30
189,616,609,541,3279,0,0,30
190,620,613,538,3286,0,0,30
191,616,610,539,3283,0,0,30
192,611,612,540,3289,0,0,30
193,616,611,540,3285,0,0,30
194,618,613,538,3282,0,0,30
195,623,612,548,3286,0,0,30
196,618,611,540,3282,0,0,30
197,619,610,538,3280,0,0,30
198,611,605,544,3287,0,0,30
199,616,609,539,3288,0,0,30
200,610,609,540,3285,0,0,30
201,618,609,540,3285,0,0,30
202,621,613,538,3283,0,0,30
203,614,612,536,3287,0,0,30
204,615,617,538,3284,0,0,30
205,617,609,542,3283,0,0,30
206,618,611,538,3284,0,0,30
207,612,604,541,3284,0,0,30
208,616,609,541,3285,0,0,30
209,612,612,537,3284,0,0,30
210,615,611,543,3292,0,0,30
211,615,612,542,3284,0,0,30
212,615,608,541,3285,0,0,30
213,615,612,539,3287,0,0,30
214,619,609,539,3284,0,0,30
215,614,608,541,3283,0,0,30
216,619,608,543,3281,0,0,30
217,611,616,538,3285,0,0,30
218,615,613,540,3285,0,0,30
219,618,609,542,3283,0,0,30
220,618,614,544,3283,0,0,30
221,612,608,538,3289,0,0,30
222,621,611,539,3281,0,0,30
223,617,614,540,3283,0,0,30
224,613,608,539,3283,0,0,30
225,615,612,539,3282,0,0,30
226,616,608,534,3283,0,0,30
227,618,607,539,3290,0,0,30
228,616,607,540,3290,0,0,30
229,625,605,539,3281,0,0,30
230,616,611,541,3283,0,0,30
231,614,612,538,3282,0,0,30
232,609,617,536,3286,0,0,30
233,613,615,538,3283,0,0,30
234,616,609,543,3283,0,0,30
235,614,609,539,3288,0,0,30
236,617,610,541,3283,0,0,30
237,619,608,536,3282,0,0,30
238,619,614,541,3283,0,0,30
239,616,612,538,3275,0,0,30
240,615,615,541,3284,0,0,30
241,617,613,540,3283,0,0,30
242,615,611,539,3285,0,0,30
243,617,614,545,3281,0,0,30
244,612,612,538,3286,0,0,30
245,616,618,539,3280,0,0,30
246,617,613,538,3283,0,0,30
247,619,611,538,3278,0,0,30
248,612,612,539,3286,0,0,30
249,619,620,538,3284,0,0,30
250,615,605,539,3285,0,0,30
251,618,615,537,3285,0,0,30
252,617,615,539,3283,0,0,30
253,617,614,540,3282,0,0,30
254,618,621,543,3282,0,0,30
255,618,607,542,3282,0,0,30
256,618,593,540,3291,0,0,30
257,614,610,543,3284,0,0,30
258,616,610,538,3288,0,0,30
259,623,613,543,3286,0,0,30
260,615,609,540,3284,0,0,30
261,615,604,538,3283,0,0,30
262,616,611,538,3283,0,0,30
263,617,614,539,3283,0,0,30
264,612,611,537,3285,0,0,30
265,613,608,538,3276,0,0,30
266,613,613,540,3287,0,0,30
267,614,619,538,3284,0,0,30
268,613,616,540,3283,0,0,30
269,616,613,538,3287,0,0,30
270,616,593,541,3283,0,0,30
271,617,613,537,3284,0,0,30
272,616,612,539,3286,0,0,30
273,609,609,538,3284,0,0,30
274,613,610,538,3283,0,0,30
275,611,606,537,3283,0,0,30
276,611,607,539,3286,0,0,30
277,617,613,542,3275,0,0,30
278,619,609,533,3282,0,0,30
279,618,604,541,3283,0,0,30
280,617,609,538,3283,0,0,30
281,611,622,538,3284,0,0,30
282,614,610,535,3287,0,0,30
283,615,612,541,3286,0,0,30
284,614,610,533,3283,0,0,30
285,618,622,540,3281,0,0,30
286,615,612,543,3285,0,0,30
287,613,615,540,3281,0,0,30
288,611,611,541,3285,0,0,30
289,610,617,541,3282,0,0,30
290,620,610,538,3284,0,0,30
291,614,611,540,3280,0,0,30
292,616,609,536,3283,0,0,30
293,617,611,541,3283,0,0,30
294,617,593,542,3285,0,0,30
295,617,610,539,3284,0,0,30
296,615,614,540,3284,0,0,30
297,613,612,541,3285,0,0,30
298,616,612,540,3286,0,0,30
299,614,612,541,3286,0,0,30
300,616,614,539,3282,0,0,30
301,624,610,539,3283,0,0,30
302,617,607,538,3283,0,0,30
303,616,614,538,3282,0,0,30
304,620,618,539,3283,0,0,30
305,616,613,538,3288,0,0,30
306,615,609,539,3285,0,0,30
307,615,604,541,3285,0,0,30
308,615,611,540,3282,0,0,30
309,617,622,535,3286,0,0,30
310,617,611,538,3282,0,0,30
311,618,612,543,3279,0,0,30
312,612,608,538,3285,0,0,30
313,615,610,539,3284,0,0,30
314,618,608,535,3285,0,0,30
315,617,609,542,3283,0,0,30
316,624,610,539,3284,0,0,30
317,614,616,540,3283,0,0,30
318,613,609,539,3284,0,0,30
319,618,611,538,3284,0,0,30
320,618,605,538,3286,0,0,30
321,617,612,542,3283,0,0,30
322,616,606,540,3283,0,0,30
323,615,603,535,3285,0,0,30
324,614,614,540,3287,0,0,30
325,614,608,537,3285,0,0,30
326,615,610,539,3280,0,0,30
327,616,615,540,3284,0,0,30
328,609,609,538,3287,0,0,30
329,614,611,541,3283,0,0,30
330,609,598,543,3284,0,0,30
331,616,612,540,3288,0,0,30
332,613,608,541,3284,0,0,30
333,605,612,541,3286,0,0,30
334,614,610,539,3284,0,0,30
335,618,610,540,3283,0,0,30
336,614,616,542,3285,0,0,30
337,617,612,538,3284,0,0,30
338,619,611,539,3285,0,0,30
339,615,613,539,3286,0,0,30
340,615,612,540,3285,0,0,30
341,609,612,540,3283,0,0,30
342,618,607,536,3282,0,0,30
343,615,613,545,3285,0,0,30
344,616,612,541,3281,0,0,30
345,616,610,542,3287,0,0,30
346,617,612,539,3277,0,0,30
347,616,615,543,3287,0,0,30
348,617,611,540,3284,0,0,30
349,615,617,540,3283,0,0,30
350,618,609,541,3284,0,0,30
351,620,617,538,3281,0,0,30
352,617,609,538,3283,0,0,30
353,616,611,539,3284,0,0,30
354,618,612,542,3282,0,0,30
355,619,613,535,3283,0,0,30
356,614,606,539,3285,0,0,30
357,615,610,537,3284,0,0,30
358,619,612,541,3294,0,0,30
359,616,606,539,3283,0,0,30
360,615,608,540,3282,0,0,30
361,618,609,540,3284,0,0,30
362,615,610,543,3283,0,0,30
363,614,610,537,3284,0,0,30
364,609,608,546,3283,0,0,30
365,616,594,538,3284,0,0,30
366,617,615,541,3280,0,0,30
367,618,615,537,3286,0,0,30
368,614,614,536,3282,0,0,30
369,616,610,537,3279,0,0,30
370,619,604,539,3286,0,0,30
371,611,608,541,3282,0,0,30
372,612,605,541,3284,0,0,30
373,613,608,541,3284,0,0,30
374,614,611,537,3282,0,0,30
375,618,607,542,3281,0,0,30
376,621,603,539,3283,0,0,30
377,624,614,540,3282,0,0,30
378,615,612,537,3284,0,0,30
379,613,605,534,3283,0,0,30
380,613,609,538,3282,0,0,30
381,616,612,537,3287,0,0,30
382,618,611,540,3282,0,0,30
383,615,614,535,3282,0,0,30
384,619,614,546,3286,0,0,30
385,613,612,542,3285,0,0,30
386,613,611,538,3285,0,0,30
387,615,610,540,3276,0,0,30
388,613,610,540,3290,0,0,30
389,614,614,539,3282,0,0,30
390,617,610,540,3285,0,0,30
391,616,615,540,3285,0,0,30
392,624,607,540,3284,0,0,30
393,619,609,538,3285,0,0,30
394,617,611,541,3282,0,0,30
395,614,605,535,3282,0,0,30
396,612,611,540,3285,0,0,30
397,614,607,538,3283,0,0,30
398,617,594,541,3284,0,0,30
399,619,603,538,3280,0,0,30
400,615,614,537,3289,0,0,30
401,615,611,531,3282,0,0,30
402,612,606,540,3277,0,0,30
403,617,611,539,3283,0,0,30
404,615,605,540,3283,0,0,30
405,613,613,542,3283,0,0,30
406,617,616,539,3281,0,0,30
407,616,608,540,3286,0,0,30
408,610,611,539,3284,0,0,30
409,614,607,538,3284,0,0,30
410,608,613,541,3286,0,0,30
411,614,612,536,3285,0,0,30
412,603,613,540,3283,0,0,30
413,615,613,540,3283,0,0,30
414,613,610,543,3280,0,0,30
415,618,603,538,3285,0,0,30
416,618,612,541,3283,0,0,30
417,616,611,542,3283,0,0,30
418,615,604,538,3283,0,0,30
419,623,611,542,3289,0,0,30
420,615,612,540,3284,0,0,30
421,605,613,539,3285,0,0,30
422,616,618,536,3280,0,0,30
423,616,615,543,3283,0,0,30
424,620,615,540,3284,0,0,30
425,603,609,541,3284,0,0,30
426,616,612,541,3284,0,0,30
427,616,611,537,3282,0,0,30
428,615,611,542,3285,0,0,30
429,616,612,539,3283,0,0,30
430,613,610,539,3285,0,0,30
431,613,609,540,3285,0,0,30
432,615,604,538,3286,0,0,30
433,619,615,540,3283,0,0,30
434,610,611,538,3288,0,0,30
435,619,612,539,3275,0,0,30
436,616,619,540,3283,0,0,30
437,614,623,541,3284,0,0,30
438,617,613,540,3285,0,0,30
439,613,609,539,3284,0,0,30
440,621,611,544,3280,0,0,30
441,615,620,540,3282,0,0,30
442,620,609,545,3283,0,0,30
443,615,613,540,3279,0,0,30
444,613,610,538,3284,0,0,30
445,616,606,547,3283,0,0,30
446,615,615,542,3284,0,0,30
447,612,612,539,3285,0,0,30
448,614,610,542,3284,0,0,30
449,617,613,539,3285,0,0,30
450,608,612,540,3284,0,0,30
451,614,609,541,3277,0,0,30
452,618,617,539,3283,0,0,30
453,614,606,541,3284,0,0,30
454,613,616,538,3281,0,0,30
455,614,611,540,3284,0,0,30
456,610,610,540,3285,0,0,30
457,613,612,540,3284,0,0,30
458,614,612,539,3284,0,0,30
459,615,612,538,3286,0,0,30
460,618,611,537,3286,0,0,30
461,615,622,538,3283,0,0,30
462,614,614,542,3285,0,0,30
463,611,617,540,3284,0,0,30
464,598,605,542,3283,0,0,30
465,615,612,540,3284,0,0,30
466,622,608,539,3284,0,0,30
467,615,605,542,3282,0,0,30
468,615,609,540,3284,0,0,30
469,617,613,538,3282,0,0,30
470,619,605,536,3284,0,0,30
471,620,614,541,3284,0,0,30
472,600,613,533,3284,0,0,30
473,615,612,540,3283,0,0,30
474,613,608,538,3285,0,0,30
475,616,612,537,3281,0,0,30
476,612,608,538,3282,0,0,30
477,614,614,538,3280,0,0,30
478,612,610,544,3283,0,0,30
479,616,615,540,3285,0,0,30
480,614,612,538,3284,0,0,30
481,619,617,540,3279,0,0,30
482,612,611,540,3283,0,0,30
483,614,612,537,3283,0,0,30
484,622,609,541,3283,0,0,30
485,613,615,538,3284,0,0,30
486,615,608,538,3286,0,0,30
487,614,611,539,3283,0,0,30
488,616,615,543,3283,0,0,30
489,613,606,542,3285,0,0,30
490,618,610,540,3283,0,0,30
491,617,608,538,3282,0,0,30
492,605,611,540,3281,0,0,30
493,617,610,537,3285,0,0,30
494,616,615,544,3282,0,0,30
495,613,611,543,3282,0,0,30
496,621,610,544,3283,0,0,30
497,614,610,542,3286,0,0,30
498,618,617,540,3286,0,0,30
499,615,603,541,3283,0,0,30
500,619,614,538,3283,0,0,30
501,621,611,543,3284,0,0,30
502,617,610,541,3284,0,0,30
503,618,611,537,3286,0,0,30
504,614,610,533,3284,0,0,30
505,616,614,539,3279,0,0,30
506,619,608,537,3281,0,0,30
507,621,606,538,3282,0,0,30
508,618,613,539,3286,0,0,30
509,614,610,540,3283,0,0,30
510,622,606,544,3288,0,0,30
511,611,612,539,3281,0,0,30
512,626,611,539,3282,0,0,30
513,615,610,531,3283,0,0,30
514,615,613,540,3283,0,0,30
515,612,606,538,3285,0,0,30
516,617,605,539,3284,0,0,30
517,619,602,542,3288,0,0,30
518,623,611,545,3284,0,0,30
519,619,608,542,3282,0,0,30
520,617,612,537,3282,0,0,30
521,614,610,541,3284,0,0,30
522,615,610,540,3284,0,0,30
523,616,609,542,3280,0,0,30
524,618,617,538,3282,0,0,30
525,616,614,538,3281,0,0,30
526,612,606,541,3286,0,0,30
527,613,609,539,3282,0,0,30
528,610,615,539,3281,0,0,30
529,614,625,539,3280,0,0,30
530,613,611,541,3282,0,0,30
531,614,606,539,3282,0,0,30
532,614,601,537,3283,0,0,30
533,613,610,537,3280,0,0,30
534,615,614,540,3283,0,0,30
535,617,614,539,3284,0,0,30
536,614,597,538,3284,0,0,30
537,611,615,540,3284,0,0,30
538,613,609,539,3283,0,0,30
539,615,615,543,3283,0,0,30
540,617,611,533,3283,0,0,30
541,613,611,539,3283,0,0,30
542,619,611,539,3284,0,0,30
543,617,612,539,3281,0,0,30
544,615,612,542,3283,0,0,30
545,614,611,540,3284,0,0,30
546,612,615,538,3284,0,0,30
547,616,600,538,3284,0,0,30
548,616,608,534,3285,0,0,30
549,613,613,541,3284,0,0,30
550,613,606,539,3283,0,0,30
551,615,607,542,3283,0,0,30
552,621,613,541,3285,0,0,30
553,620,609,544,3281,0,0,30
554,622,609,540,3279,0,0,30
555,621,614,539,3283,0,0,30
556,618,599,540,3282,0,0,30
557,612,613,538,3285,0,0,30
558,616,604,539,3283,0,0,30
559,620,607,539,3282,0,0,30
560,615,615,538,3284,0,0,30
561,614,618,541,3283,0,0,30
562,613,611,538,3283,0,0,30
563,620,612,536,3283,0,0,30
564,615,608,539,3286,0,0,30
565,616,609,540,3286,0,0,30
566,618,609,540,3286,0,0,30
567,618,608,537,3284,0,0,30
568,617,616,550,3282,0,0,30
569,617,611,545,3284,0,0,30
570,614,613,540,3281,0,0,30
571,611,608,538,3280,0,0,30
572,615,611,540,3284,0,0,30
573,618,612,539,3287,0,0,30
574,619,613,540,3285,0,0,30
575,614,611,539,3287,0,0,30
576,616,606,547,3286,0,0,30
577,616,619,539,3288,0,0,30
578,615,613,541,3282,0,0,30
579,615,611,540,3285,0,0,30
580,617,611,540,3284,0,0,30
581,618,613,538,3283,0,0,30
582,614,613,541,3276,0,0,30
583,611,608,540,3285,0,0,30
584,614,611,541,3276,0,0,30
585,615,614,540,3285,0,0,30
586,617,603,541,3284,0,0,30
587,614,617,541,3285,0,0,30
588,611,614,542,3283,0,0,30
589,619,608,543,3280,0,0,30
590,616,613,538,3284,0,0,30
591,618,617,543,3279,0,0,30
592,612,610,540,3282,0,0,30
593,605,611,540,3285,0,0,30
594,618,609,540,3284,0,0,30
595,616,613,538,3280,0,0,30
596,618,613,540,3282,0,0,30
597,609,614,540,3283,0,0,30
598,621,610,540,3285,0,0,30
599,617,612,536,3280,0,0,30
600,615,609,540,3283,0,0,30
601,617,610,543,3285,0,0,30
602,614,614,538,3284,0,0,30
603,616,610,540,3275,0,0,30
604,613,611,540,3284,0,0,30
605,600,617,541,3281,0,0,30
606,615,614,540,3284,0,0,30
607,616,612,539,3278,0,0,30
608,613,610,539,3284,0,0,30
609,612,601,541,3280,0,0,30
610,619,610,542,3288,0,0,30
611,614,610,541,3282,0,0,30
612,613,612,540,3279,0,0,30
613,617,608,542,3281,0,0,30
614,616,610,540,3282,0,0,30
615,614,609,538,3284,0,0,30
616,618,614,540,3285,0,0,30
617,620,613,536,3283,0,0,30
618,615,616,541,3285,0,0,30
619,616,605,542,3282,0,0,30
620,609,610,539,3283,0,0,30
621,614,611,538,3282,0,0,30
622,617,613,541,3290,0,0,30
623,617,613,536,3284,0,0,30
624,618,609,540,3281,0,0,30
625,620,611,534,3285,0,0,30
626,611,614,537,3287,0,0,30
627,621,615,538,3282,0,0,30
628,613,615,540,3283,0,0,30
629,616,616,544,3282,0,0,30
630,614,611,539,3285,0,0,30
631,619,614,540,3278,0,0,30
632,617,612,540,3283,0,0,30
633,611,611,539,3285,0,0,30
634,615,613,544,3279,0,0,30
635,609,608,544,3286,0,0,30
636,615,616,540,3285,0,0,30
637,614,611,540,3285,0,0,30
638,615,612,539,3283,0,0,30
639,614,610,537,3284,0,0,30
640,613,604,541,3283,0,0,30
641,615,607,540,3283,0,0,30
642,615,599,541,3281,0,0,30
643,620,608,538,3285,0,0,30
644,614,612,541,3282,0,0,30
645,614,611,538,3281,0,0,30
646,620,610,537,3283,0,0,30
647,613,614,538,3284,0,0,30
648,617,613,536,3284,0,0,30
649,615,611,540,3284,0,0,30
650,611,614,539,3283,0,0,30
651,613,609,542,3283,0,0,30
652,609,609,543,3279,0,0,30
653,615,611,538,3284,0,0,30
654,616,614,538,3283,0,0,30
655,626,607,542,3285,0,0,30
656,612,609,536,3284,0,0,30
657,618,612,546,3283,0,0,30
658,612,612,542,3282,0,0,30
659,622,608,540,3282,0,0,30
660,619,612,541,3277,0,0,30
661,615,613,546,3283,0,0,30
662,612,621,539,3288,0,0,30
663,614,608,539,3282,0,0,30
664,617,612,540,3286,0,0,30
665,623,618,538,3284,0,0,30
666,616,610,543,3285,0,0,30
667,614,616,537,3283,0,0,30
668,623,612,543,3283,0,0,30
669,614,624,543,3284,0,0,30
670,614,611,539,3282,0,0,30
671,610,609,539,3283,0,0,30
672,619,614,538,3284,0,0,30
673,618,603,537,3280,0,0,30
674,616,616,544,3280,0,0,30
675,617,617,540,3280,0,0,30
676,612,608,541,3283,0,0,30
677,611,612,537,3283,0,0,30
678,613,617,537,3283,0,0,30
679,616,611,534,3283,0,0,30
680,616,611,539,3284,0,0,30
681,617,614,536,3286,0,0,30
682,616,617,531,3284,0,0,30
683,618,612,541,3284,0,0,30
684,615,611,538,3284,0,0,30
685,617,613,538,3280,0,0,30
686,617,612,539,3284,0,0,30
687,617,609,540,3285,0,0,30
688,616,612,539,3285,0,0,30
689,615,609,540,3279,0,0,30
690,619,609,539,3284,0,0,30
691,614,614,539,3285,0,0,30
692,613,602,540,3283,0,0,30
693,611,603,543,3283,0,0,30
694,612,618,536,3280,0,0,30
695,609,613,535,3283,0,0,30
696,617,611,541,3284,0,0,30
697,612,610,538,3284,0,0,30
698,615,604,538,3285,0,0,30
699,615,610,538,3282,0,0,30
700,616,601,539,3284,0,0,30
701,615,611,537,3281,0,0,30
702,615,611,539,3285,0,0,30
703,615,609,541,3285,0,0,30
704,617,613,542,3283,0,0,30
705,609,610,538,3282,0,0,30
706,612,609,536,3283,0,0,30
707,618,608,538,3284,0,0,30
708,613,608,538,3284,0,0,30
709,610,609,536,3285,0,0,30
710,609,606,541,3291,0,0,30
711,612,608,538,3285,0,0,30
712,616,611,541,3283,0,0,30
713,617,615,541,3284,0,0,30
714,616,610,540,3285,0,0,30
715,619,608,540,3282,0,0,30
716,614,610,540,3284,0,0,30
717,614,610,540,3285,0,0,30
718,614,610,540,3286,0,0,30
719,619,613,539,3284,0,0,30
720,617,607,538,3281,0,0,30
721,611,612,543,3285,0,0,30
722,617,610,543,3283,0,0,30
723,616,612,539,3286,0,0,30
724,614,608,541,3284,0,0,30
725,615,604,538,3283,0,0,30
726,618,611,538,3279,0,0,30
727,615,611,540,3287,0,0,30
728,604,607,538,3284,0,0,30
729,609,607,539,3283,0,0,30
730,613,614,540,3283,0,0,30
731,616,616,539,3281,0,0,30
732,614,604,539,3284,0,0,30
733,623,610,539,3284,0,0,30
734,619,613,537,3284,0,0,30
735,616,610,539,3283,0,0,30
736,614,612,540,3287,0,0,30
737,615,617,538,3286,0,0,30
738,617,607,540,3283,0,0,30
739,617,597,540,3283,0,0,30
740,620,607,541,3284,0,0,30
741,616,605,534,3280,0,0,30
742,616,604,540,3285,0,0,30
743,607,612,537,3285,0,0,30
744,617,611,540,3282,0,0,30
745,612,610,547,3285,0,0,30
746,616,615,533,3286,0,0,30
747,616,610,540,3281,0,0,30
748,616,609,539,3285,0,0,30
749,618,611,540,3287,0,0,30
750,619,615,541,3285,0,0,30
751,614,619,539,3284,0,0,30
752,611,617,540,3275,0,0,30
753,614,612,531,3283,0,0,30
754,624,610,538,3284,0,0,30
755,618,611,541,3285,0,0,30
756,617,610,538,3283,0,0,30
757,605,613,540,3285,0,0,30
758,614,614,538,3284,0,0,30
759,612,607,540,3284,0,0,30
760,605,616,537,3287,0,0,30
761,617,610,546,3285,0,0,30
762,605,612,539,3282,0,0,30
763,615,611,542,3282,0,0,30
764,614,597,535,3282,0,0,30
765,617,611,540,3284,0,0,30
766,614,611,540,3282,0,0,30
767,616,610,541,3282,0,0,30
768,616,608,545,3289,0,0,30
769,617,609,542,3282,0,0,30
770,615,615,543,3283,0,0,30
771,621,611,542,3283,0,0,30
772,620,611,536,3284,0,0,30
773,616,612,539,3282,0,0,30
774,618,612,543,3285,0,0,30
775,611,618,539,3282,0,0,30
776,615,613,540,3281,0,0,30
777,614,613,544,3279,0,0,30
778,612,611,537,3282,0,0,30
779,616,609,538,3281,0,0,30
780,615,610,542,3282,0,0,30
781,617,595,538,3292,0,0,30
782,619,610,540,3283,0,0,30
783,608,625,539,3283,0,0,30
784,609,612,540,3281,0,0,30
785,617,608,541,3282,0,0,30
786,614,614,543,3280,0,0,30
787,613,612,541,3282,0,0,30
788,616,604,542,3284,0,0,30
789,613,613,540,3285,0,0,30
790,620,610,540,3285,0,0,30
791,616,611,542,3282,0,0,30
792,607,616,539,3284,0,0,30
793,612,607,537,3285,0,0,30
794,618,617,538,3291,0,0,30
795,613,610,539,3285,0,0,30
796,614,606,543,3282,0,0,30
797,617,608,541,3284,0,0,30
798,614,611,541,3284,0,0,30
799,613,609,540,3277,0,0,30
800,618,613,540,3281,0,0,30
801,619,612,539,3284,0,0,30
802,617,610,541,3282,0,0,30
803,623,615,539,3284,0,0,30
804,618,613,539,3283,0,0,30
805,615,609,539,3278,0,0,30
806,612,610,540,3287,0,0,30
807,613,612,540,3281,0,0,30
808,619,616,540,3283,0,0,30
809,611,618,541,3284,0,0,30
810,613,611,539,3285,0,0,30
811,610,608,540,3283,0,0,30
812,619,611,538,3276,0,0,30
813,618,613,544,3284,0,0,30
814,616,608,541,3287,0,0,30
815,617,608,540,3284,0,0,30
816,613,609,539,3281,0,0,30
817,614,612,540,3285,0,0,30
818,616,610,540,3283,0,0,30
819,621,609,539,3283,0,0,30
820,615,609,539,3286,0,0,30
821,616,616,539,3283,0,0,30
822,616,610,540,3286,0,0,30
823,614,608,540,3282,0,0,30
824,618,614,541,3284,0,0,30
825,616,612,538,3283,0,0,30
826,616,614,534,3280,0,0,30
827,615,612,542,3285,0,0,30
828,617,603,541,3285,0,0,30
829,617,615,540,3284,0,0,30
830,617,619,538,3282,0,0,30
831,623,610,539,3285,0,0,30
832,614,611,540,3279,0,0,30
833,611,614,540,3288,0,0,30
834,612,608,539,3283,0,0,30
835,617,626,539,3284,0,0,30
836,615,612,534,3284,0,0,30
837,619,611,539,3283,0,0,30
838,617,602,543,3282,0,0,30
839,617,610,534,3284,0,0,30
840,612,614,537,3288,0,0,30
841,614,619,541,3285,0,0,30
842,619,608,537,3287,0,0,30
843,614,609,538,3284,0,0,30
844,615,610,538,3283,0,0,30
845,609,609,539,3283,0,0,30
846,616,612,537,3282,0,0,30
847,614,630,539,3282,0,0,30
848,615,614,537,3284,0,0,30
849,616,622,538,3283,0,0,30
850,622,626,539,3283,0,0,30
851,613,608,541,3283,0,0,30
852,614,612,533,3284,0,0,30
853,619,610,538,3281,0,0,30
854,610,611,538,3283,0,0,30
855,619,613,538,3281,0,0,30
856,612,621,539,3286,0,0,30
857,620,595,541,3282,0,0,30
858,617,610,536,3282,0,0,30
859,615,613,538,3284,0,0,30
860,617,611,536,3292,0,0,30
861,615,613,536,3283,0,0,30
862,619,609,538,3281,0,0,30
863,615,610,542,3283,0,0,30
864,618,608,539,3279,0,0,30
865,617,609,537,3282,0,0,30
866,615,606,542,3281,0,0,30
867,614,613,542,3283,0,0,30
868,618,620,541,3284,0,0,30
869,612,610,537,3284,0,0,30
870,614,614,538,3281,0,0,30
871,615,622,541,3283,0,0,30
872,618,610,541,3280,0,0,30
873,615,611,540,3279,0,0,30
874,612,607,541,3283,0,0,30
875,615,616,538,3282,0,0,30
876,617,613,538,3280,0,0,30
877,608,609,538,3280,0,0,30
878,619,612,540,3285,0,0,30
879,617,610,536,3283,0,0,30
880,613,611,538,3275,0,0,30
881,613,605,543,3282,0,0,30
882,612,607,539,3278,0,0,30
883,615,605,536,3282,0,0,30
884,614,608,538,3284,0,0,30
885,615,613,540,3283,0,0,30
886,611,604,539,3286,0,0,30
887,622,605,541,3272,0,0,30
888,615,607,541,3286,0,0,30
889,614,613,539,3283,0,0,30
890,615,610,538,3285,0,0,30
891,612,611,538,3283,0,0,30
892,615,609,540,3282,0,0,30
893,612,611,540,3285,0,0,30
894,618,609,537,3282,0,0,30
895,616,607,538,3284,0,0,30
896,615,606,539,3278,0,0,30
897,615,614,541,3284,0,0,30
898,615,609,539,3284,0,0,30
899,615,609,538,3278,0,0,30
900,613,606,540,3285,0,0,30
901,606,610,541,3280,0,0,30
902,619,612,538,3280,0,0,30
903,615,608,538,3284,0,0,30
904,617,612,537,3281,0,0,30
905,616,606,540,3283,0,0,30
906,618,612,541,3284,0,0,30
907,618,608,538,3283,0,0,30
908,610,617,540,3276,0,0,30
909,618,610,540,3284,0,0,30
910,611,616,540,3285,0,0,30
911,613,610,538,3284,0,0,30
912,617,611,539,3282,0,0,30
913,612,610,538,3279,0,0,30
914,617,609,538,3292,0,0,30
915,618,607,542,3284,0,0,30
916,615,613,537,3285,0,0,30
917,616,610,538,3283,0,0,30
918,615,617,537,3281,0,0,30
919,618,615,539,3284,0,0,30
920,625,617,541,3285,0,0,30
921,600,612,539,3284,0,0,30
922,615,611,540,3284,0,0,30
923,612,614,540,3284,0,0,30
924,615,609,539,3285,0,0,30
925,614,610,538,3284,0,0,30
926,616,613,538,3285,0,0,30
927,620,602,537,3284,0,0,30
928,624,614,542,3278,0,0,30
929,617,613,537,3286,0,0,30
930,613,611,538,3275,0,0,30
931,616,614,538,3285,0,0,30
932,616,610,542,3290,0,0,30
933,615,610,538,3282,0,0,30
934,604,611,541,3284,0,0,30
935,617,615,541,3286,0,0,30
936,617,615,538,3282,0,0,30
937,615,600,543,3283,0,0,30
938,618,620,539,3282,0,0,30
939,611,611,539,3280,0,0,30
940,611,608,541,3284,0,0,30
941,620,613,538,3286,0,0,30
942,623,607,534,3285,0,0,30
943,616,603,537,3285,0,0,30
944,618,603,540,3285,0,0,30
945,615,613,542,3284,0,0,30
946,616,613,531,3283,0,0,30
947,613,622,538,3284,0,0,30
948,613,612,539,3290,0,0,30
949,616,604,541,3284,0,0,30
950,614,623,540,3282,0,0,30
951,612,610,539,3291,0,0,30
952,614,610,541,3286,0,0,30
953,619,609,538,3281,0,0,30
954,615,611,545,3287,0,0,30
955,614,611,542,3284,0,0,30
956,611,617,539,3284,0,0,30
957,615,610,533,3280,0,0,30
958,612,607,538,3284,0,0,30
959,615,595,541,3282,0,0,30
960,609,612,536,3279,0,0,30
961,616,612,539,3285,0,0,30
962,609,610,536,3283,0,0,30
963,616,617,532,3284,0,0,30
964,610,613,540,3283,0,0,30
965,610,613,530,3282,0,0,30
966,608,619,541,3282,0,0,30
967,617,606,538,3283,0,0,30
968,621,616,541,3282,0,0,30
969,618,601,539,3283,0,0,30
970,617,609,537,3283,0,0,30
971,612,613,539,3284,0,0,30
972,611,611,541,3283,0,0,30
973,606,614,541,3284,0,0,30
974,615,614,538,3281,0,0,30
975,611,611,538,3281,0,0,30
976,617,608,541,3281,0,0,30
977,617,613,537,3283,0,0,30
978,615,607,537,3282,0,0,30
979,615,620,533,3284,0,0,30
980,614,609,540,3282,0,0,30
981,614,613,538,3279,0,0,30
982,620,607,537,3284,0,0,30
983,613,615,539,3282,0,0,30
984,612,610,543,3284,0,0,30
985,615,610,539,3286,0,0,30
986,618,618,542,3284,0,0,30
987,619,615,540,3284,0,0,30
988,613,615,534,3285,0,0,30
989,609,607,542,3282,0,0,30
990,616,613,538,3282,0,0,30
991,613,607,543,3282,0,0,30
992,616,613,538,3282,0,0,30
993,623,614,538,3284,0,0,30
994,613,622,542,3285,0,0,30
995,619,610,539,3284,0,0,30
996,610,615,540,3283,0,0,30
997,614,606,540,3289,0,0,30
998,622,614,542,3283,0,0,30
999,611,614,543,3284,0,0,30
1000,610,608,539,3284,0,0,30
1001,618,607,541,3284,0,0,30
1002,610,612,539,3287,0,0,30
1003,618,612,539,3283,0,0,30
1004,617,614,537,3285,0,0,30
1005,615,612,539,3281,0,0,30
1006,620,610,541,3282,0,0,30
1007,609,611,542,3283,0,0,30
1008,614,610,532,3283,0,0,30
1009,614,611,540,3286,0,0,30
1010,614,607,539,3285,0,0,30
1011,617,609,540,3282,0,0,30
1012,623,615,539,3288,0,0,30
1013,616,617,542,3278,0,0,30
1014,612,612,539,3282,0,0,30
1015,613,611,541,3282,0,0,30
1016,618,614,540,3283,0,0,30
1017,620,614,541,3285,0,0,30
1018,615,609,547,3281,0,0,30
1019,614,609,540,3281,0,0,30
1020,611,613,540,3280,0,0,30
1021,616,611,537,3282,0,0,30
1022,624,612,539,3282,0,0,30
1023,616,610,540,3284,0,0,30
1024,612,611,539,3282,0,0,30
1025,610,606,541,3282,0,0,30
1026,615,613,540,3281,0,0,30
1027,616,610,543,3283,0,0,30
1028,614,611,539,3281,0,0,30
1029,613,609,535,3283,0,0,30
1030,619,611,539,3284,0,0,30
1031,611,614,538,3283,0,0,30
1032,619,612,539,3283,0,0,30
1033,611,610,537,3281,0,0,30
1034,619,612,531,3287,0,0,30
1035,620,611,539,3283,0,0,30
1036,614,611,542,3285,0,0,30
1037,618,611,540,3282,0,0,30
1038,615,614,539,3283,0,0,30
1039,619,612,537,3278,0,0,30
1040,616,613,537,3285,0,0,30
1041,614,614,540,3285,0,0,30
1042,619,611,538,3287,0,0,30
1043,614,610,543,3282,0,0,30
1044,612,610,541,3282,0,0,30
1045,614,614,541,3286,0,0,30
1046,617,611,541,3287,0,0,30
1047,614,611,538,3283,0,0,30
1048,612,612,542,3284,0,0,30
1049,616,613,542,3284,0,0,30
1050,615,613,540,3283,0,0,30
1051,617,610,541,3282,0,0,30
1052,617,611,540,3283,0,0,30
1053,616,613,540,3287,0,0,30
1054,613,617,541,3278,0,0,30
1055,616,611,541,3283,0,0,30
1056,607,620,535,3287,0,0,30
1057,610,615,539,3285,0,0,30
1058,619,605,536,3281,0,0,30
1059,620,623,543,3283,0,0,30
1060,617,610,540,3289,0,0,30
1061,617,610,539,3287,0,0,30
1062,608,595,541,3283,0,0,30
1063,613,616,541,3287,0,0,30
1064,611,609,540,3283,0,0,30
1065,615,612,541,3284,0,0,30
1066,619,610,536,3283,0,0,30
1067,615,612,541,3284,0,0,30
1068,608,618,538,3283,0,0,30
1069,618,610,546,3283,0,0,30
1070,617,611,542,3282,0,0,30
1071,621,618,543,3283,0,0,30
1072,612,613,542,3284,0,0,30
1073,616,610,537,3277,0,0,30
1074,612,622,540,3281,0,0,30
1075,616,606,541,3279,0,0,30
1076,613,609,544,3288,0,0,30
1077,615,610,541,3284,0,0,30
1078,619,602,539,3281,0,0,30
1079,619,610,540,3283,0,0,30
1080,617,610,542,3283,0,0,30
1081,615,613,539,3281,0,0,30
1082,610,609,539,3294,0,0,30
1083,614,611,535,3283,0,0,30
1084,617,618,540,3282,0,0,30
1085,613,613,540,3284,0,0,30
1086,617,613,531,3283,0,0,30
1087,619,594,537,3281,0,0,30
1088,611,613,541,3282,0,0,30
1089,618,608,538,3283,0,0,30
1090,612,611,544,3287,0,0,30
1091,618,617,539,3282,0,0,30
1092,615,613,540,3286,0,0,30
1093,614,610,540,3284,0,0,30
1094,617,626,540,3282,0,0,30
1095,615,611,537,3284,0,0,30
1096,612,608,539,3282,0,0,30
1097,610,611,541,3283,0,0,30
1098,613,611,539,3284,0,0,30
1099,605,604,540,3283,0,0,30
1100,611,609,537,3282,0,0,30
1101,616,610,540,3285,0,0,30
1102,616,618,542,3284,0,0,30
1103,617,621,539,3287,0,0,30
1104,620,614,538,3283,0,0,30
1105,609,610,539,3283,0,0,30
1106,614,610,538,3281,0,0,30
1107,615,612,539,3283,0,0,30
1108,621,625,539,3283,0,0,30
1109,616,613,536,3280,0,0,30
1110,614,609,542,3282,0,0,30
1111,620,621,540,3285,0,0,30
1112,613,611,543,3285,0,0,30
1113,621,614,538,3282,0,0,30
1114,609,611,539,3284,0,0,30
1115,615,609,545,3284,0,0,30
1116,613,613,543,3277,0,0,30
1117,617,609,540,3283,0,0,30
1118,616,607,541,3285,0,0,30
1119,616,608,541,3285,0,0,30
1120,616,609,534,3284,0,0,30
1121,616,610,540,3286,0,0,30
1122,610,612,537,3289,0,0,30
1123,615,612,541,3283,0,0,30
1124,613,612,546,3284,0,0,30
1125,618,602,538,3283,0,0,30
1126,622,610,537,3285,0,0,30
1127,614,616,538,3282,0,0,30
1128,618,608,541,3282,0,0,30
1129,615,611,537,3283,0,0,30
1130,621,613,537,3286,0,0,30
1131,611,607,538,3279,0,0,30
1132,612,610,540,3283,0,0,30
1133,616,609,542,3285,0,0,30
1134,621,610,539,3287,0,0,30
1135,611,613,540,3282,0,0,30
1136,618,612,543,3284,0,0,30
1137,614,609,539,3284,0,0,30
1138,617,613,539,3279,0,0,30
1139,617,614,540,3281,0,0,30
1140,618,604,539,3283,0,0,30
1141,616,603,536,3283,0,0,30
1142,625,602,540,3284,0,0,30
1143,616,612,542,3285,0,0,30
1144,613,612,539,3284,0,0,30
1145,616,610,541,3281,0,0,30
1146,616,614,541,3282,0,0,30
1147,613,605,538,3281,0,0,30
1148,615,616,542,3283,0,0,30
1149,616,612,537,3278,0,0,30
1150,618,613,541,3284,0,0,30
1151,615,611,537,3281,0,0,30
1152,620,610,539,3276,0,0,30
1153,614,609,540,3283,0,0,30
1154,617,614,542,3283,0,0,30
1155,614,614,538,3283,0,0,30
1156,608,611,541,3283,0,0,30
1157,612,612,538,3281,0,0,30
1158,613,613,537,3281,0,0,30
1159,621,603,540,3282,0,0,30
1160,622,614,542,3285,0,0,30
1161,616,616,538,3280,0,0,30
1162,618,612,537,3283,0,0,30
1163,615,618,538,3282,0,0,30
1164,615,610,537,3282,0,0,30
1165,620,613,537,3280,0,0,30
1166,614,608,540,3280,0,0,30
1167,616,610,533,3281,0,0,30
1168,623,599,539,3284,0,0,30
1169,613,607,540,3288,0,0,30
1170,614,612,539,3286,0,0,30
1171,621,614,538,3285,0,0,30
1172,614,612,541,3283,0,0,30
1173,613,613,538,3284,0,0,30
1174,615,610,543,3279,0,0,30
1175,615,609,540,3290,0,0,30
1176,611,613,541,3283,0,0,30
1177,608,612,544,3284,0,0,30
1178,617,618,539,3283,0,0,30
1179,614,618,540,3283,0,0,30
1180,603,611,538,3277,0,0,30
1181,615,613,538,3282,0,0,30
1182,615,612,539,3281,0,0,30
1183,617,610,541,3283,0,0,30
1184,624,611,540,3282,0,0,30
1185,615,609,543,3284,0,0,30
1186,615,611,540,3283,0,0,30
1187,615,608,539,3280,0,0,30
1188,614,599,541,3283,0,0,30
1189,612,630,532,3283,0,0,30
1190,620,611,547,3285,0,0,30
1191,620,615,539,3283,0,0,30
1192,615,612,541,3283,0,0,30
1193,620,615,540,3282,0,0,30
1194,615,613,524,3284,0,0,30
1195,613,599,538,3284,0,0,30
1196,611,609,539,3288,0,0,30
1197,614,606,540,3282,0,0,30
1198,612,613,536,3283,0,0,30
1199,617,615,539,3279,0,0,30
1200,618,592,538,3282,0,0,30
1201,616,611,541,3283,0,0,30
1202,617,611,542,3283,0,0,30
1203,618,608,540,3287,0,0,30
1204,617,608,540,3283,0,0,30
1205,615,616,540,3286,0,0,30
1206,613,610,543,3283,0,0,30
1207,615,612,542,3287,0,0,30
1208,616,611,540,3287,0,0,30
1209,617,611,536,3285,0,0,30
1210,614,610,539,3283,0,0,30
1211,614,615,540,3283,0,0,30
1212,615,609,542,3284,0,0,30
1213,618,621,539,3295,0,0,30
1214,612,614,540,3283,0,0,30
1215,613,611,538,3282,0,0,30
1216,609,611,540,3282,0,0,30
1217,617,612,537,3283,0,0,30
1218,614,612,539,3283,0,0,30
1219,617,613,541,3286,0,0,30
1220,614,612,543,3281,0,0,30
1221,613,613,538,3285,0,0,30
1222,621,619,536,3282,0,0,30
1223,614,614,539,3284,0,0,30
1224,604,617,538,3283,0,0,30
1225,613,614,540,3284,0,0,30
1226,622,612,541,3282,0,0,30
1227,618,610,533,3279,0,0,30
1228,612,608,545,3284,0,0,30
1229,606,606,540,3287,0,0,30
1230,610,616,539,3282,0,0,30
1231,602,610,538,3283,0,0,30
1232,617,613,542,3285,0,0,30
1233,608,614,539,3286,0,0,30
1234,612,622,540,3285,0,0,30
1235,616,611,545,3282,0,0,30
1236,616,611,543,3287,0,0,30
1237,615,609,539,3282,0,0,30
1238,614,617,540,3284,0,0,30
1239,614,615,538,3283,0,0,30
1240,615,611,539,3291,0,0,30
1241,615,609,540,3282,0,0,30
1242,614,608,544,3283,0,0,30
1243,615,608,539,3283,0,0,30
1244,612,619,543,3283,0,0,30
1245,615,618,541,3282,0,0,30
1246,610,615,541,3283,0,0,30
1247,621,608,538,3284,0,0,30
1248,614,599,538,3282,0,0,30
1249,618,604,540,3284,0,0,30
1250,618,610,542,3283,0,0,30
1251,617,612,538,3284,0,0,30
1252,617,612,540,3281,0,0,30
1253,615,608,538,3284,0,0,30
1254,614,618,539,3284,0,0,30
1255,614,611,539,3282,0,0,30
1256,615,607,539,3281,0,0,30
1257,614,608,538,3282,0,0,30
1258,611,614,539,3282,0,0,30
1259,620,613,542,3286,0,0,30
1260,614,608,537,3281,0,0,30
1261,617,612,539,3282,0,0,30
1262,614,609,536,3282,0,0,30
1263,613,611,542,3284,0,0,30
1264,613,617,539,3282,0,0,30
1265,621,611,540,3283,0,0,30
1266,616,609,541,3282,0,0,30
1267,613,612,540,3282,0,0,30
1268,617,608,539,3282,0,0,30
1269,613,613,538,3285,0,0,30
1270,616,607,540,3283,0,0,30
1271,604,614,538,3282,0,0,30
1272,610,614,539,3280,0,0,30
1273,621,610,539,3282,0,0,30
1274,618,604,541,3283,0,0,30
1275,621,608,542,3279,0,0,30
1276,614,613,539,3283,0,0,30
1277,610,612,541,3281,0,0,30
1278,613,611,540,3283,0,0,30
1279,615,615,540,3288,0,0,30
1280,600,611,538,3283,0,0,30
1281,613,611,539,3283,0,0,30
1282,611,616,538,3284,0,0,30
1283,616,610,541,3284,0,0,30
1284,609,610,539,3283,0,0,30
1285,612,610,541,3284,0,0,30
1286,615,610,536,3283,0,0,30
1287,616,610,535,3281,0,0,30
1288,618,608,539,3284,0,0,30
1289,613,606,540,3278,0,0,30
1290,618,597,540,3282,0,0,30
1291,615,610,541,3283,0,0,30
1292,613,608,538,3283,0,0,30
1293,616,609,539,3287,0,0,30
1294,619,606,540,3286,0,0,30
1295,612,609,538,3282,0,0,30
1296,609,612,540,3282,0,0,30
1297,616,612,543,3284,0,0,30
1298,616,606,539,3281,0,0,30
1299,621,606,538,3284,0,0,30
1300,609,610,537,3284,0,0,30
1301,622,611,540,3284,0,0,30
1302,613,609,540,3282,0,0,30
1303,614,607,540,3284,0,0,30
1304,620,610,539,3280,0,0,30
1305,616,610,540,3281,0,0,30
1306,616,611,540,3284,0,0,30
1307,612,610,539,3285,0,0,30
1308,617,613,539,3283,0,0,30
1309,614,624,540,3283,0,0,30
1310,622,610,541,3280,0,0,30
1311,618,614,542,3281,0,0,30
1312,623,610,540,3285,0,0,30
1313,623,611,542,3283,0,0,30
1314,616,605,544,3285,0,0,30
1315,610,611,539,3282,0,0,30
1316,612,608,539,3283,0,0,30
1317,610,615,540,3280,0,0,30
1318,616,613,542,3283,0,0,30
1319,616,611,539,3287,0,0,30
1320,614,611,537,3283,0,0,30
1321,611,616,540,3281,0,0,30
1322,615,608,540,3282,0,0,30
1323,618,617,539,3279,0,0,30
1324,612,619,539,3281,0,0,30
1325,617,608,539,3284,0,0,30
1326,620,599,541,3282,0,0,30
1327,606,608,539,3282,0,0,30
1328,621,615,542,3282,0,0,30
1329,616,613,538,3279,0,0,30
1330,616,613,541,3283,0,0,30
1331,617,612,543,3292,0,0,30
1332,617,618,538,3284,0,0,30
1333,617,612,540,3282,0,0,30
1334,611,614,542,3281,0,0,30
1335,615,614,541,3282,0,0,30
1336,618,612,538,3282,0,0,30
1337,615,602,542,3285,0,0,30
1338,616,613,539,3283,0,0,30
1339,611,614,537,3284,0,0,30
1340,617,613,539,3283,0,0,30
1341,621,617,539,3282,0,0,30
1342,616,615,537,3284,0,0,30
1343,614,605,535,3284,0,0,30
1344,618,604,542,3284,0,0,30
1345,621,615,537,3284,0,0,30
1346,613,608,540,3281,0,0,30
1347,617,612,539,3286,0,0,30
1348,620,613,542,3285,0,0,30
1349,620,613,539,3283,0,0,30
1350,616,612,543,3289,0,0,30
1351,616,616,539,3281,0,0,30
1352,621,615,538,3282,0,0,30
1353,613,612,540,3286,0,0,30
1354,613,613,539,3285,0,0,30
1355,619,607,537,3287,0,0,30
1356,619,616,541,3284,0,0,30
1357,620,611,539,3283,0,0,30
1358,613,613,541,3285,0,0,30
1359,614,608,542,3280,0,0,30
1360,624,617,537,3282,0,0,30
1361,607,614,541,3281,0,0,30
1362,618,616,542,3282,0,0,30
1363,618,599,541,3280,0,0,30
1364,619,600,542,3278,0,0,30
1365,621,608,540,3283,0,0,30
1366,613,606,534,3291,0,0,30
1367,607,613,541,3282,0,0,30
1368,615,612,540,3282,0,0,30
1369,611,612,540,3285,0,0,30
1370,615,610,543,3283,0,0,30
1371,612,612,541,3284,0,0,30
1372,618,609,538,3280,0,0,30
1373,604,612,538,3282,0,0,30
1374,610,609,540,3282,0,0,30
1375,616,619,542,3279,0,0,30
1376,617,611,538,3282,0,0,30
1377,615,607,545,3282,0,0,30
1378,615,612,540,3285,0,0,30
1379,619,613,540,3282,0,0,30
1380,620,611,542,3282,0,0,30
1381,617,608,540,3285,0,0,30
1382,617,611,537,3283,0,0,30
1383,620,608,540,3276,0,0,30
1384,618,611,539,3281,0,0,30
1385,612,611,542,3283,0,0,30
1386,613,609,539,3281,0,0,30
1387,615,610,538,3280,0,0,30
1388,619,609,538,3282,0,0,30
1389,615,614,539,3280,0,0,30
1390,615,624,538,3282,0,0,30
1391,614,616,538,3282,0,0,30
1392,617,613,538,3281,0,0,30
1393,616,610,538,3283,0,0,30
1394,624,610,538,3286,0,0,30
1395,615,609,537,3285,0,0,30
1396,615,612,541,3281,0,0,30
1397,616,611,538,3284,0,0,30
1398,613,611,541,3283,0,0,30
1399,616,610,540,3284,0,0,30
1400,615,608,538,3279,0,0,30
1401,612,612,540,3281,0,0,30
1402,600,612,542,3283,0,0,30
1403,617,613,540,3282,0,0,30
1404,614,611,542,3282,0,0,30
1405,616,612,541,3283,0,0,30
1406,617,604,541,3283,0,0,30
1407,616,612,540,3290,0,0,30
1408,612,608,539,3286,0,0,30
1409,612,610,536,3285,0,0,30
1410,614,615,539,3287,0,0,30
1411,616,615,538,3282,0,0,30
1412,608,618,538,3283,0,0,30
1413,611,613,538,3284,0,0,30
1414,616,618,541,3284,0,0,30
1415,619,607,539,3283,0,0,30
1416,615,614,539,3287,0,0,30
1417,609,611,536,3285,0,0,30
1418,616,609,540,3284,0,0,30
1419,618,610,541,3283,0,0,30
1420,612,611,536,3284,0,0,30
1421,614,608,538,3282,0,0,30
1422,616,614,542,3283,0,0,30
1423,618,614,541,3283,0,0,30
1424,615,607,539,3281,0,0,30
1425,615,612,542,3282,0,0,30
1426,614,618,539,3285,0,0,30
1427,614,610,540,3280,0,0,30
1428,614,609,542,3283,0,0,30
1429,616,607,539,3284,0,0,30
1430,614,614,539,3283,0,0,30
1431,617,609,543,3285,0,0,30
1432,617,612,540,3283,0,0,30
1433,614,604,543,3284,0,0,30
1434,615,609,543,3279,0,0,30
1435,612,607,539,3284,0,0,30
1436,614,600,537,3281,0,0,30
1437,614,602,541,3289,0,0,30
1438,617,613,539,3281,0,0,30
1439,618,610,545,3284,0,0,30
1440,615,603,535,3283,0,0,30
1441,615,613,539,3286,0,0,30
1442,615,608,540,3284,0,0,30
1443,613,612,541,3283,0,0,30
1444,614,614,540,3279,0,0,30
1445,614,599,535,3286,0,0,30
1446,613,612,539,3284,0,0,30
1447,611,617,540,3284,0,0,30
1448,619,608,541,3284,0,0,30
1449,614,610,543,3283,0,0,30
1450,614,621,537,3284,0,0,30
1451,612,607,537,3283,0,0,30
1452,614,613,536,3282,0,0,30
1453,614,609,540,3286,0,0,30
1454,613,606,541,3285,0,0,30
1455,612,610,542,3283,0,0,30
1456,614,612,541,3284,0,0,30
1457,619,609,541,3285,0,0,30
1458,616,607,536,3284,0,0,30
1459,613,608,538,3284,0,0,30
1460,614,611,541,3285,0,0,30
1461,620,607,538,3285,0,0,30
1462,614,611,538,3283,0,0,30
1463,617,617,540,3289,0,0,30
1464,618,609,541,3279,0,0,30
1465,616,613,540,3280,0,0,30
1466,614,612,538,3282,0,0,30
1467,619,607,540,3284,0,0,30
1468,612,612,542,3283,0,0,30
1469,601,609,542,3281,0,0,30
1470,610,612,542,3286,0,0,30
1471,624,626,540,3283,0,0,30
1472,616,614,539,3285,0,0,30
1473,603,602,536,3282,0,0,30
1474,619,611,540,3283,0,0,30
1475,623,609,542,3284,0,0,30
1476,614,615,538,3286,0,0,30
1477,623,610,539,3281,0,0,30
1478,611,610,540,3284,0,0,30
1479,618,612,540,3286,0,0,30
1480,617,622,539,3281,0,0,30
1481,620,607,540,3284,0,0,30
1482,615,607,538,3282,0,0,30
1483,612,609,539,3283,0,0,30
1484,615,608,541,3287,0,0,30
1485,617,615,539,3283,0,0,30
1486,611,604,540,3275,0,0,30
1487,612,608,541,3284,0,0,30
1488,617,614,538,3280,0,0,30
1489,617,604,541,3282,0,0,30
1490,616,612,542,3271,0,0,30
1491,613,607,539,3285,0,0,30
1492,618,614,540,3278,0,0,30
1493,613,616,538,3281,0,0,30
1494,619,612,537,3282,0,0,30
1495,616,619,539,3282,0,0,30
1496,614,611,541,3282,0,0,30
1497,614,612,534,3281,0,0,30
1498,614,612,540,3287,0,0,30
1499,616,607,546,3281,0,0,30
1500,615,599,541,3283,0,0,30
1501,614,615,543,3280,0,0,30
1502,612,612,539,3286,0,0,30
1503,609,609,538,3286,0,0,30
1504,614,607,540,3285,0,0,30
1505,612,608,535,3281,0,0,30
1506,613,613,540,3281,0,0,30
1507,613,611,540,3282,0,0,30
1508,612,598,545,3279,0,0,30
1509,622,615,544,3281,0,0,30
1510,618,602,540,3277,0,0,30
1511,617,611,542,3276,0,0,30
1512,610,617,542,3283,0,0,30
1513,621,611,539,3283,0,0,30
1514,614,610,538,3285,0,0,30
1515,624,608,542,3285,0,0,30
1516,614,610,541,3276,0,0,30
1517,615,605,544,3283,0,0,30
1518,614,610,544,3279,0,0,30
1519,616,613,542,3285,0,0,30
1520,611,618,542,3282,0,0,30
1521,617,612,541,3285,0,0,30
1522,615,616,539,3285,0,0,30
1523,612,611,539,3284,0,0,30
1524,612,609,543,3282,0,0,30
1525,613,615,537,3283,0,0,30
1526,615,609,539,3282,0,0,30
1527,619,610,540,3285,0,0,30
1528,614,613,541,3283,0,0,30
1529,618,610,540,3282,0,0,30
1530,611,613,541,3283,0,0,30
1531,617,606,539,3289,0,0,30
1532,624,610,542,3283,0,0,30
1533,615,614,536,3283,0,0,30
1534,616,614,540,3279,0,0,30
1535,616,609,539,3284,0,0,30
1536,617,614,539,3283,0,0,30
1537,621,602,539,3281,0,0,30
1538,620,611,537,3283,0,0,30
1539,610,611,541,3286,0,0,30
1540,621,613,541,3282,0,0,30
1541,614,610,541,3283,0,0,30
1542,615,602,540,3278,0,0,30
1543,623,610,540,3282,0,0,30
1544,616,604,541,3283,0,0,30
1545,614,610,534,3283,0,0,30
1546,621,610,539,3287,0,0,30
1547,622,613,542,3283,0,0,30
1548,616,611,540,3283,0,0,30
1549,618,610,540,3284,0,0,30
1550,615,608,539,3276,0,0,30
1551,616,613,539,3280,0,0,30
1552,615,608,544,3285,0,0,30
1553,613,614,538,3284,0,0,30
1554,611,609,542,3281,0,0,30
1555,608,610,540,3282,0,0,30
1556,615,614,538,3287,0,0,30
1557,615,617,536,3284,0,0,30
1558,617,614,536,3283,0,0,30
1559,612,613,535,3283,0,0,30
1560,618,610,547,3284,0,0,30
1561,612,613,540,3285,0,0,30
1562,615,613,534,3284,0,0,30
1563,615,618,538,3284,0,0,30
1564,614,614,539,3282,0,0,30
1565,617,606,539,3284,0,0,30
1566,612,610,540,3279,0,0,30
1567,617,602,539,3287,0,0,30
1568,613,607,539,3281,0,0,30
1569,615,595,540,3284,0,0,30
1570,617,611,541,3280,0,0,30
1571,618,613,540,3281,0,0,30
1572,613,609,539,3283,0,0,30
1573,618,611,537,3283,0,0,30
1574,615,603,544,3282,0,0,30
1575,613,610,543,3282,0,0,30
1576,612,610,540,3282,0,0,30
1577,611,618,543,3284,0,0,30
1578,618,619,536,3283,0,0,30
1579,613,605,540,3283,0,0,30
1580,617,608,539,3281,0,0,30
1581,618,613,540,3284,0,0,30
1582,611,608,540,3280,0,0,30
1583,619,619,540,3284,0,0,30
1584,612,610,541,3285,0,0,30
1585,616,609,538,3282,0,0,30
1586,613,614,539,3283,0,0,30
1587,613,613,539,3287,0,0,30
1588,616,613,539,3283,0,0,30
1589,619,609,539,3282,0,0,30
1590,614,607,540,3284,0,0,30
1591,615,613,544,3281,0,0,30
1592,612,612,536,3279,0,0,30
1593,615,613,541,3283,0,0,30
1594,618,610,540,3287,0,0,30
1595,618,601,541,3282,0,0,30
1596,613,611,539,3283,0,0,30
1597,616,608,541,3279,0,0,30
1598,617,613,541,3279,0,0,30
1599,611,609,542,3281,0,0,30
1600,616,616,540,3282,0,0,30
1601,618,613,541,3283,0,0,30
1602,614,619,539,3282,0,0,30
1603,615,610,539,3281,0,0,30
1604,615,612,540,3283,0,0,30
1605,616,609,539,3281,0,0,30
1606,617,605,551,3282,0,0,30
1607,616,610,539,3281,0,0,30
1608,614,608,541,3285,0,0,30
1609,615,613,547,3282,0,0,30
1610,616,605,539,3279,0,0,30
1611,620,605,542,3275,0,0,30
1612,622,612,541,3282,0,0,30
1613,621,614,539,3281,0,0,30
1614,615,614,536,3285,0,0,30
1615,618,606,543,3281,0,0,30
1616,612,614,536,3281,0,0,30
1617,613,607,544,3283,0,0,30
1618,611,611,542,3286,0,0,30
1619,614,614,540,3282,0,0,30
1620,618,611,540,3285,0,0,30
1621,613,612,535,3283,0,0,30
1622,619,606,538,3282,0,0,30
1623,615,613,540,3282,0,0,30
1624,618,609,539,3284,0,0,30
1625,616,611,541,3281,0,0,30
1626,612,606,541,3281,0,0,30
1627,616,611,537,3281,0,0,30
1628,617,613,543,3281,0,0,30
1629,609,610,538,3282,0,0,30
1630,617,611,538,3285,0,0,30
1631,617,610,537,3283,0,0,30
1632,601,606,546,3283,0,0,30
1633,610,608,539,3282,0,0,30
1634,616,610,542,3283,0,0,30
1635,613,609,541,3283,0,0,30
1636,618,612,541,3283,0,0,30
1637,614,614,539,3285,0,0,30
1638,620,614,544,3286,0,0,30
1639,620,610,540,3277,0,0,30
1640,616,610,540,3281,0,0,30
1641,617,609,541,3284,0,0,30
1642,612,613,545,3280,0,0,30
1643,614,608,531,3289,0,0,30
1644,616,613,542,3283,0,0,30
1645,621,615,538,3282,0,0,30
1646,622,612,540,3282,0,0,30
1647,616,610,540,3283,0,0,30
1648,615,615,533,3282,0,0,30
1649,620,612,542,3282,0,0,30
1650,616,614,539,3282,0,0,30
1651,613,611,539,3279,0,0,30
1652,625,608,540,3281,0,0,30
1653,615,611,544,3281,0,0,30
1654,617,612,541,3281,0,0,30
1655,615,618,531,3282,0,0,30
1656,611,603,537,3282,0,0,30
1657,617,612,538,3283,0,0,30
1658,616,611,543,3284,0,0,30
1659,616,613,540,3283,0,0,30
1660,618,610,539,3285,0,0,30
1661,617,608,539,3284,0,0,30
1662,604,613,542,3282,0,0,30
1663,618,614,541,3285,0,0,30
1664,618,611,540,3280,0,0,30
1665,616,607,539,3285,0,0,30
1666,620,611,537,3291,0,0,30
1667,619,611,538,3282,0,0,30
1668,614,613,542,3281,0,0,30
1669,617,611,541,3289,0,0,30
1670,616,611,538,3284,0,0,30
1671,618,607,540,3283,0,0,30
1672,617,607,541,3283,0,0,30
1673,615,609,539,3282,0,0,30
1674,611,610,539,3280,0,0,30
1675,615,616,539,3282,0,0,30
1676,618,612,538,3284,0,0,30
1677,619,619,536,3282,0,0,30
1678,618,603,536,3283,0,0,30
1679,617,614,539,3283,0,0,30
1680,612,610,539,3286,0,0,30
1681,614,613,541,3283,0,0,30
1682,616,611,540,3281,0,0,30
1683,609,606,542,3280,0,0,30
1684,620,600,538,3284,0,0,30
1685,617,612,539,3281,0,0,30
1686,614,611,540,3279,0,0,30
1687,614,605,539,3282,0,0,30
1688,619,610,539,3283,0,0,30
1689,612,609,542,3282,0,0,30
1690,615,615,537,3286,0,0,30
1691,613,608,538,3282,0,0,30
1692,615,608,541,3285,0,0,30
1693,613,611,537,3283,0,0,30
1694,619,609,536,3277,0,0,30
1695,619,611,541,3285,0,0,30
1696,605,611,536,3282,0,0,30
1697,616,608,539,3284,0,0,30
1698,617,609,539,3282,0,0,30
1699,609,614,537,3283,0,0,30
1700,617,613,541,3283,0,0,30
1701,612,609,538,3285,0,0,30
1702,624,609,538,3284,0,0,30
1703,614,608,539,3283,0,0,30
1704,617,614,539,3285,0,0,30
1705,612,614,538,3284,0,0,30
1706,610,618,540,3285,0,0,30
1707,615,610,546,3283,0,0,30
1708,615,611,539,3280,0,0,30
1709,617,611,538,3284,0,0,30
1710,615,611,538,3282,0,0,30
1711,618,617,539,3279,0,0,30
1712,614,620,535,3282,0,0,30
1713,612,609,539,3283,0,0,30
1714,618,614,542,3279,0,0,30
1715,619,605,540,3283,0,0,30
1716,616,612,539,3284,0,0,30
1717,613,610,539,3281,0,0,30
1718,616,614,540,3282,0,0,30
1719,616,612,538,3282,0,0,30
1720,618,613,540,3283,0,0,30
1721,610,611,543,3280,0,0,30
1722,614,625,540,3283,0,0,30
1723,617,612,541,3274,0,0,30
1724,614,610,542,3284,0,0,30
1725,615,610,543,3280,0,0,30
1726,611,610,539,3283,0,0,30
1727,621,611,538,3280,0,0,30
1728,622,614,537,3284,0,0,30
1729,617,615,542,3282,0,0,30
1730,614,610,541,3282,0,0,30
1731,610,610,540,3282,0,0,30
1732,611,612,541,3279,0,0,30
1733,617,609,542,3281,0,0,30
1734,615,608,539,3278,0,0,30
1735,621,616,540,3280,0,0,30
1736,620,610,542,3281,0,0,30
1737,620,611,539,3284,0,0,30
1738,615,611,542,3287,0,0,30
1739,614,610,542,3283,0,0,30
1740,614,612,540,3282,0,0,30
1741,616,613,537,3291,0,0,30
1742,613,612,538,3281,0,0,30
1743,615,607,542,3288,0,0,30
1744,619,611,538,3284,0,0,30
1745,614,614,543,3282,0,0,30
1746,612,614,538,3274,0,0,30
1747,617,612,537,3282,0,0,30
1748,614,607,542,3281,0,0,30
1749,617,610,541,3285,0,0,30
1750,615,611,544,3280,0,0,30
1751,602,614,539,3280,0,0,30
1752,618,606,538,3282,0,0,30
1753,615,612,541,3287,0,0,30
1754,613,611,543,3283,0,0,30
1755,616,604,540,3285,0,0,30
1756,615,609,537,3282,0,0,30
1757,619,616,539,3282,0,0,30
1758,615,612,538,3281,0,0,30
1759,618,620,540,3280,0,0,30
1760,619,612,541,3282,0,0,30
1761,616,614,544,3280,0,0,30
1762,621,612,541,3285,0,0,30
1763,620,606,539,3280,0,0,30
1764,617,612,537,3285,0,0,30
1765,611,608,543,3287,0,0,30
1766,615,620,538,3279,0,0,30
1767,613,610,542,3282,0,0,30
1768,616,614,542,3284,0,0,30
1769,614,608,540,3274,0,0,30
1770,614,613,540,3284,0,0,30
1771,618,610,539,3280,0,0,30
1772,615,612,538,3285,0,0,30
1773,612,608,543,3283,0,0,30
1774,611,612,538,3283,0,0,30
1775,614,615,539,3282,0,0,30
1776,611,610,539,3283,0,0,30
1777,623,613,543,3282,0,0,30
1778,612,614,540,3281,0,0,30
1779,617,611,543,3283,0,0,30
1780,614,613,538,3284,0,0,30
1781,615,620,540,3283,0,0,30
1782,617,615,539,3281,0,0,30
1783,611,607,537,3283,0,0,30
1784,614,619,540,3284,0,0,30
1785,612,612,538,3279,0,0,30
1786,616,611,540,3282,0,0,30
1787,616,616,544,3286,0,0,30
1788,615,608,537,3285,0,0,30
1789,614,613,542,3282,0,0,30
1790,614,610,540,3282,0,0,30
1791,614,607,539,3279,0,0,30
1792,614,612,538,3279,0,0,30
1793,616,611,542,3284,0,0,30
1794,606,614,544,3283,0,0,30
1795,611,614,539,3283,0,0,30
1796,612,608,532,3283,0,0,30
1797,617,609,539,3282,0,0,30
1798,614,613,535,3285,0,0,30
1799,616,613,537,3280,0,0,30
1800,613,610,543,3282,0,0,30
1801,616,615,537,3282,0,0,30
1802,617,608,540,3283,0,0,30
1803,612,613,539,3280,0,0,30
1804,614,614,541,3282,0,0,30
1805,615,617,540,3279,0,0,30
1806,608,617,538,3281,0,0,30
1807,614,613,541,3281,0,0,30
1808,614,613,540,3284,0,0,30
1809,615,618,541,3284,0,0,30
1810,617,611,537,3284,0,0,30
1811,620,612,542,3283,0,0,30
1812,615,612,538,3282,0,0,30
1813,614,609,537,3285,0,0,30
1814,614,614,538,3282,0,0,30
1815,617,627,540,3282,0,0,30
1816,619,609,537,3286,0,0,30
1817,617,616,538,3283,0,0,30
1818,616,606,539,3285,0,0,30
1819,613,612,540,3292,0,0,30
1820,612,608,541,3283,0,0,30
1821,614,612,541,3287,0,0,30
1822,613,607,538,3284,0,0,30
1823,614,613,538,3282,0,0,30
1824,613,629,543,3282,0,0,30
1825,620,611,540,3285,0,0,30
1826,622,611,540,3283,0,0,30
1827,622,612,536,3285,0,0,30
1828,618,609,537,3283,0,0,30
1829,616,607,539,3285,0,0,30
1830,613,610,538,3282,0,0,30
1831,618,609,537,3281,0,0,30
1832,614,614,540,3282,0,0,30
1833,617,598,539,3285,0,0,30
1834,615,613,539,3282,0,0,30
1835,614,617,542,3284,0,0,30
1836,612,616,543,3285,0,0,30
1837,616,613,540,3282,0,0,30
1838,612,611,538,3279,0,0,30
1839,617,608,540,3283,0,0,30
1840,617,606,540,3282,0,0,30
1841,610,616,540,3283,0,0,30
1842,626,608,540,3282,0,0,30
1843,621,613,538,3283,0,0,30
1844,611,609,534,3278,0,0,30
1845,614,607,536,3284,0,0,30
1846,616,615,545,3281,0,0,30
1847,614,612,538,3288,0,0,30
1848,614,608,533,3276,0,0,30
1849,602,613,538,3282,0,0,30
1850,615,614,539,3282,0,0,30
1851,619,614,542,3282,0,0,30
1852,614,612,535,3282,0,0,30
1853,618,614,538,3284,0,0,30
1854,620,604,539,3284,0,0,30
1855,616,610,533,3277,0,0,30
1856,615,610,537,3280,0,0,30
1857,617,608,538,3281,0,0,30
1858,613,608,539,3279,0,0,30
1859,621,608,538,3284,0,0,30
1860,624,608,539,3282,0,0,30
1861,622,614,540,3280,0,0,30
1862,615,610,538,3284,0,0,30
1863,615,609,540,3275,0,0,30
1864,614,610,540,3284,0,0,30
1865,614,614,540,3284,0,0,30
1866,611,613,536,3284,0,0,30
1867,616,612,541,3283,0,0,30
1868,616,613,534,3284,0,0,30
1869,620,617,540,3282,0,0,30
1870,616,609,538,3280,0,0,30
1871,615,623,538,3283,0,0,30
1872,612,608,539,3279,0,0,30
1873,619,608,541,3284,0,0,30
1874,618,618,544,3282,0,0,30
1875,615,614,537,3287,0,0,30
1876,614,613,539,3281,0,0,30
1877,611,609,538,3283,0,0,30
1878,615,613,541,3281,0,0,30
1879,613,613,540,3283,0,0,30
1880,615,616,540,3282,0,0,30
1881,612,613,542,3282,0,0,30
1882,613,622,543,3282,0,0,30
1883,615,611,540,3280,0,0,30
1884,617,612,545,3284,0,0,30
1885,612,611,538,3283,0,0,30
1886,617,611,535,3281,0,0,30
1887,615,610,539,3281,0,0,30
1888,617,609,541,3284,0,0,30
1889,612,615,544,3284,0,0,30
1890,619,607,540,3278,0,0,30
1891,612,602,538,3282,0,0,30
1892,621,606,540,3283,0,0,30
1893,613,621,537,3283,0,0,30
1894,615,612,539,3287,0,0,30
1895,619,609,541,3288,0,0,30
1896,615,610,543,3281,0,0,30
1897,616,608,539,3284,0,0,30
1898,620,607,539,3281,0,0,30
1899,599,605,541,3281,0,0,30
1900,619,613,541,3282,0,0,30
1901,615,613,541,3279,0,0,30
1902,620,616,538,3280,0,0,30
1903,615,608,541,3283,0,0,30
1904,614,614,538,3283,0,0,30
1905,619,616,541,3283,0,0,30
1906,613,610,545,3280,0,0,30
1907,614,604,539,3283,0,0,30
1908,616,612,538,3281,0,0,30
1909,614,613,538,3280,0,0,30
1910,614,611,537,3284,0,0,30
1911,616,609,541,3279,0,0,30
1912,616,613,538,3281,0,0,30
1913,613,613,541,3285,0,0,30
1914,612,612,540,3281,0,0,30
1915,614,609,540,3283,0,0,30
1916,615,609,540,3281,0,0,30
1917,621,610,544,3289,0,0,30
1918,615,613,537,3280,0,0,30
1919,619,607,541,3280,0,0,30
1920,613,613,540,3283,0,0,30
1921,617,616,539,3281,0,0,30
1922,612,612,539,3281,0,0,30
1923,604,606,536,3283,0,0,30
1924,612,610,534,3283,0,0,30
1925,618,611,538,3280,0,0,30
1926,622,624,539,3279,0,0,30
1927,612,614,546,3282,0,0,30
1928,621,609,541,3282,0,0,30
1929,617,611,539,3291,0,0,30
1930,617,611,538,3279,0,0,30
1931,618,611,540,3282,0,0,30
1932,616,612,533,3284,0,0,30
1933,615,615,541,3284,0,0,30
1934,614,613,539,3279,0,0,30
1935,624,612,537,3284,0,0,30
1936,619,613,540,3281,0,0,30
1937,615,613,541,3284,0,0,30
1938,613,612,543,3281,0,0,30
1939,617,613,538,3286,0,0,30
1940,615,612,541,3280,0,0,30
1941,615,607,539,3281,0,0,30
1942,618,606,541,3282,0,0,30
1943,620,610,541,3282,0,0,30
1944,618,612,541,3283,0,0,30
1945,613,609,540,3290,0,0,30
1946,613,607,538,3284,0,0,30
1947,610,609,538,3279,0,0,30
1948,616,609,539,3287,0,0,30
1949,616,611,538,3291,0,0,30
1950,616,612,538,3281,0,0,30
1951,617,611,538,3284,0,0,30
1952,611,612,538,3283,0,0,30
1953,613,613,537,3281,0,0,30
1954,618,608,535,3280,0,0,30
1955,616,612,538,3285,0,0,30
1956,615,604,540,3281,0,0,30
1957,619,605,537,3282,0,0,30
1958,615,614,541,3283,0,0,30
1959,614,614,546,3280,0,0,30
1960,616,608,540,3282,0,0,30
1961,615,610,538,3285,0,0,30
1962,615,608,537,3284,0,0,30
1963,619,611,537,3282,0,0,30
1964,616,611,538,3281,0,0,30
1965,611,609,538,3283,0,0,30
1966,617,617,543,3282,0,0,30
1967,613,613,542,3280,0,0,30
1968,612,612,541,3294,0,0,30
1969,617,616,535,3284,0,0,30
1970,612,610,538,3281,0,0,30
1971,615,606,539,3283,0,0,30
1972,616,610,539,3282,0,0,30
1973,617,611,539,3283,0,0,30
1974,618,611,541,3282,0,0,30
1975,615,611,538,3290,0,0,30
1976,613,613,540,3284,0,0,30
1977,613,611,539,3282,0,0,30
1978,615,612,541,3285,0,0,30
1979,616,601,539,3280,0,0,30
1980,618,613,539,3281,0,0,30
1981,612,604,536,3281,0,0,30
1982,616,601,539,3281,0,0,30
1983,619,609,539,3279,0,0,30
1984,615,612,538,3282,0,0,30
1985,613,611,541,3283,0,0,30
1986,617,612,539,3284,0,0,30
1987,619,613,537,3286,0,0,30
1988,619,611,539,3281,0,0,30
1989,620,611,539,3280,0,0,30
1990,614,612,540,3284,0,0,30
1991,614,612,539,3277,0,0,30
1992,614,602,542,3283,0,0,30
1993,619,611,543,3283,0,0,30
1994,612,610,541,3283,0,0,30
1995,614,599,537,3282,0,0,30
1996,620,617,538,3284,0,0,30
1997,615,617,543,3283,0,0,30
1998,615,619,538,3283,0,0,30
1999,615,612,536,3283,0,0,30
2000,619,611,541,3281,0,0,30
2001,614,617,542,3290,0,0,30
2002,612,607,538,3282,0,0,30
2003,617,605,542,3283,0,0,30
2004,613,612,541,3280,0,0,30
2005,614,606,541,3282,0,0,30
2006,616,605,541,3281,0,0,30
2007,615,596,539,3274,0,0,30
2008,609,610,537,3283,0,0,30
2009,618,610,539,3281,0,0,30
2010,619,617,538,3283,0,0,30
2011,614,613,540,3283,0,0,30
2012,616,616,536,3281,0,0,30
2013,616,613,540,3281,0,0,30
2014,609,612,538,3280,0,0,30
2015,621,611,540,3279,0,0,30
2016,618,614,535,3284,0,0,30
2017,617,608,536,3282,0,0,30
2018,616,614,540,3282,0,0,30
2019,614,611,535,3281,0,0,30
2020,614,606,543,3281,0,0,30
2021,605,610,541,3282,0,0,30
2022,615,607,540,3282,0,0,30
2023,613,611,542,3281,0,0,30
2024,615,608,536,3282,0,0,30
2025,616,627,537,3283,0,0,30
2026,619,614,541,3282,0,0,30
2027,615,612,534,3281,0,0,30
2028,621,615,542,3282,0,0,30
2029,610,611,541,3282,0,0,30
2030,610,613,545,3280,0,0,30
2031,620,611,540,3281,0,0,30
2032,618,612,541,3282,0,0,30
2033,618,611,539,3280,0,0,30
2034,612,613,539,3281,0,0,30
2035,614,603,537,3272,0,0,30
2036,613,611,539,3284,0,0,30
2037,613,607,541,3285,0,0,30
2038,617,615,542,3281,0,0,30
2039,614,609,541,3281,0,0,30
2040,622,613,538,3283,0,0,30
2041,617,610,538,3289,0,0,30
2042,615,614,539,3277,0,0,30
2043,611,608,539,3286,0,0,30
2044,618,609,542,3282,0,0,30
2045,603,613,540,3285,0,0,30
2046,616,613,538,3281,0,0,30
2047,615,612,540,3282,0,0,30
2048,618,619,540,3282,0,0,30
2049,614,610,541,3283,0,0,30
2050,617,609,544,3283,0,0,30
2051,612,603,539,3284,0,0,30
2052,618,610,540,3284,0,0,30
2053,614,607,538,3281,0,0,30
2054,615,611,542,3285,0,0,30
2055,616,607,533,3282,0,0,30
2056,614,614,540,3279,0,0,30
2057,614,608,542,3281,0,0,30
2058,618,610,540,3286,0,0,30
2059,614,617,538,3283,0,0,30
2060,615,606,540,3281,0,0,30
2061,617,612,540,3279,0,0,30
2062,614,611,540,3281,0,0,30
2063,617,608,536,3279,0,0,30
2064,610,612,541,3280,0,0,30
2065,616,612,537,3285,0,0,30
2066,616,608,540,3277,0,0,30
2067,618,609,537,3284,0,0,30
2068,618,614,539,3282,0,0,30
2069,616,611,542,3281,0,0,30
2070,615,608,538,3282,0,0,30
2071,614,610,541,3282,0,0,30
2072,613,605,539,3281,0,0,30
2073,614,615,539,3283,0,0,30
2074,617,609,539,3280,0,0,30
2075,618,620,542,3285,0,0,30
2076,614,610,538,3283,0,0,30
2077,618,606,540,3283,0,0,30
2078,620,611,538,3283,0,0,30
2079,611,603,537,3283,0,0,30
2080,616,611,538,3277,0,0,30
2081,613,614,542,3281,0,0,30
2082,618,611,540,3283,0,0,30
2083,616,611,540,3281,0,0,30
2084,614,613,537,3283,0,0,30
2085,610,612,543,3282,0,0,30
2086,617,612,535,3281,0,0,30
2087,616,614,538,3280,0,0,30
2088,614,605,539,3281,0,0,30
2089,619,613,540,3281,0,0,30
2090,617,609,538,3282,0,0,30
2091,612,611,540,3279,0,0,30
2092,614,611,545,3280,0,0,30
2093,614,609,538,3274,0,0,30
2094,614,611,538,3284,0,0,30
2095,616,610,540,3284,0,0,30
2096,611,607,539,3282,0,0,30
2097,616,612,542,3281,0,0,30
2098,623,621,538,3276,0,0,30
2099,615,612,542,3284,0,0,30
2100,612,610,539,3282,0,0,30
2101,618,613,542,3282,0,0,30
2102,610,608,541,3284,0,0,30
2103,616,610,542,3280,0,0,30
2104,622,609,539,3284,0,0,30
2105,613,613,538,3282,0,0,30
2106,617,612,539,3280,0,0,30
2107,613,610,537,3280,0,0,30
2108,616,609,538,3278,0,0,30
2109,614,605,543,3282,0,0,30
2110,614,611,545,3282,0,0,30
2111,610,619,539,3283,0,0,30
2112,618,612,540,3282,0,0,30
2113,615,605,541,3277,0,0,30
2114,612,610,540,3280,0,0,30
2115,625,612,539,3280,0,0,30
2116,621,612,538,3281,0,0,30
2117,618,604,538,3288,0,0,30
2118,614,608,541,3280,0,0,30
2119,616,614,539,3282,0,0,30
2120,614,608,540,3283,0,0,30
2121,614,610,540,3289,0,0,30
2122,615,596,538,3281,0,0,30
2123,616,610,540,3283,0,0,30
2124,613,619,542,3283,0,0,30
2125,613,611,540,3280,0,0,30
2126,619,613,538,3283,0,0,30
2127,616,609,541,3283,0,0,30
2128,617,614,540,3286,0,0,30
2129,615,622,535,3283,0,0,30
2130,618,611,538,3281,0,0,30
2131,618,610,540,3282,0,0,30
2132,616,611,541,3281,0,0,30
2133,617,615,541,3283,0,0,30
2134,614,614,539,3281,0,0,30
2135,615,610,539,3280,0,0,30
2136,600,616,539,3283,0,0,30
2137,612,596,542,3282,0,0,30
2138,614,613,539,3284,0,0,30
2139,621,596,541,3283,0,0,30
2140,622,612,540,3284,0,0,30
2141,619,602,540,3285,0,0,30
2142,615,613,542,3282,0,0,30
2143,626,609,538,3282,0,0,30
2144,608,601,536,3281,0,0,30
2145,619,612,543,3282,0,0,30
2146,613,611,541,3287,0,0,30
2147,616,607,533,3280,0,0,30
2148,616,612,530,3282,0,0,30
2149,622,612,537,3280,0,0,30
2150,621,608,540,3282,0,0,30
2151,613,607,547,3279,0,0,30
2152,610,611,547,3282,0,0,30
2153,616,607,541,3282,0,0,30
2154,615,610,540,3280,0,0,30
2155,617,611,540,3282,0,0,30
2156,613,612,537,3279,0,0,30
2157,615,610,540,3279,0,0,30
2158,617,614,531,3282,0,0,30
2159,618,607,540,3280,0,0,30
2160,616,612,538,3284,0,0,30
2161,612,622,539,3280,0,0,30
2162,611,612,542,3282,0,0,30
2163,614,612,538,3282,0,0,30
2164,617,608,539,3280,0,0,30
2165,614,611,538,3280,0,0,30
2166,615,615,540,3284,0,0,30
2167,600,618,541,3282,0,0,30
2168,615,610,541,3279,0,0,30
2169,615,612,536,3279,0,0,30
2170,620,609,541,3284,0,0,30
2171,616,604,539,3282,0,0,30
2172,617,614,539,3282,0,0,30
2173,619,607,541,3282,0,0,30
2174,618,619,539,3279,0,0,30
2175,617,608,543,3288,0,0,30
2176,612,599,535,3280,0,0,30
2177,616,611,539,3282,0,0,30
2178,612,612,545,3278,0,0,30
2179,614,611,540,3282,0,0,30
2180,617,608,539,3283,0,0,30
2181,624,619,536,3282,0,0,30
2182,612,612,545,3272,0,0,30
2183,618,611,541,3282,0,0,30
2184,612,613,543,3282,0,0,30
2185,615,602,539,3278,0,0,30
2186,612,609,541,3282,0,0,30
2187,613,615,540,3280,0,0,30
2188,613,602,541,3286,0,0,30
2189,617,614,537,3284,0,0,30
2190,617,614,539,3282,0,0,30
2191,630,610,537,3282,0,0,30
2192,617,613,545,3277,0,0,30
2193,591,614,541,3282,0,0,30
2194,618,613,538,3285,0,0,30
2195,616,610,539,3279,0,0,30
2196,608,622,539,3282,0,0,30
2197,608,614,539,3282,0,0,30
2198,613,618,543,3283,0,0,30
2199,616,608,539,3281,0,0,30
2200,623,614,538,3280,0,0,30
2201,619,610,535,3283,0,0,30
2202,615,612,541,3285,0,0,30
2203,611,603,538,3283,0,0,30
2204,612,612,540,3282,0,0,30
2205,617,609,542,3281,0,0,30
2206,616,609,536,3282,0,0,30
2207,619,604,541,3282,0,0,30
2208,613,607,539,3281,0,0,30
2209,622,607,540,3277,0,0,30
2210,614,614,537,3283,0,0,30
2211,613,605,540,3284,0,0,30
2212,617,609,535,3283,0,0,30
2213,612,612,542,3279,0,0,30
2214,616,600,537,3282,0,0,30
2215,611,606,541,3282,0,0,30
2216,615,608,540,3278,0,0,30
2217,604,608,539,3281,0,0,30
2218,616,608,539,3279,0,0,30
2219,616,613,539,3283,0,0,30
2220,613,613,535,3281,0,0,30
2221,616,611,541,3280,0,0,30
2222,622,611,539,3281,0,0,30
2223,613,613,541,3283,0,0,30
2224,619,609,541,3283,0,0,30
2225,615,610,541,3278,0,0,30
2226,622,613,540,3278,0,0,30
2227,618,613,542,3282,0,0,30
2228,612,609,537,3283,0,0,30
2229,615,615,537,3280,0,0,30
2230,619,611,542,3280,0,0,30
2231,616,614,539,3281,0,0,30
2232,613,617,540,3285,0,0,30
2233,619,617,537,3279,0,0,30
2234,621,615,540,3281,0,0,30
2235,615,611,542,3280,0,0,30
2236,619,612,537,3282,0,0,30
2237,619,611,539,3282,0,0,30
2238,611,611,538,3281,0,0,30
2239,615,606,544,3282,0,0,30
2240,615,623,539,3281,0,0,30
2241,618,611,537,3279,0,0,30
2242,614,615,539,3277,0,0,30
2243,614,609,536,3281,0,0,30
2244,614,607,537,3283,0,0,30
2245,621,609,540,3281,0,0,30
2246,615,611,539,3276,0,0,30
2247,615,611,540,3282,0,0,30
2248,613,614,540,3277,0,0,30
2249,618,609,537,3279,0,0,30
2250,622,617,541,3283,0,0,30
2251,616,612,537,3283,0,0,30
2252,614,610,540,3278,0,0,30
2253,623,607,538,3283,0,0,30
2254,615,608,539,3276,0,0,30
2255,618,612,537,3280,0,0,30
2256,616,625,531,3281,0,0,30
2257,615,611,538,3277,0,0,30
2258,620,614,538,3282,0,0,30
2259,615,615,542,3279,0,0,30
2260,616,611,540,3283,0,0,30
2261,620,619,538,3283,0,0,30
2262,615,607,535,3279,0,0,30
2263,617,611,539,3283,0,0,30
2264,614,608,541,3280,0,0,30
2265,614,603,533,3281,0,0,30
2266,615,614,541,3282,0,0,30
2267,616,612,538,3281,0,0,30
2268,616,615,542,3279,0,0,30
2269,611,607,537,3283,0,0,30
2270,614,612,540,3281,0,0,30
2271,620,607,542,3282,0,0,30
2272,615,610,542,3281,0,0,30
2273,616,606,540,3282,0,0,30
2274,616,608,540,3282,0,0,30
2275,613,613,539,3283,0,0,30
2276,616,613,539,3284,0,0,30
2277,615,611,540,3285,0,0,30
2278,611,613,536,3281,0,0,30
2279,621,611,541,3280,0,0,30
2280,614,611,538,3283,0,0,30
2281,616,613,541,3285,0,0,30
2282,617,605,541,3283,0,0,30
2283,615,609,541,3281,0,0,30
2284,620,622,540,3282,0,0,30
2285,616,609,539,3284,0,0,30
2286,615,607,540,3282,0,0,30
2287,615,603,538,3273,0,0,30
2288,616,609,545,3283,0,0,30
2289,623,610,539,3283,0,0,30
2290,621,606,540,3281,0,0,30
2291,616,609,539,3285,0,0,30
2292,614,611,540,3282,0,0,30
2293,610,613,540,3282,0,0,30
2294,617,603,539,3283,0,0,30
2295,620,605,538,3283,0,0,30
2296,616,622,538,3279,0,0,30
2297,616,611,540,3282,0,0,30
2298,618,611,540,3282,0,0,30
2299,611,613,540,3282,0,0,30
2300,616,611,540,3284,0,0,30
2301,622,626,539,3284,0,0,30
2302,617,612,539,3281,0,0,30
2303,613,606,543,3282,0,0,30
2304,622,611,541,3283,0,0,30
2305,614,613,538,3299,0,0,30
2306,615,609,534,3284,0,0,30
2307,620,610,539,3283,0,0,30
2308,614,610,541,3286,0,0,30
2309,611,611,540,3278,0,0,30
2310,617,614,537,3281,0,0,30
2311,619,612,542,3282,0,0,30
2312,611,613,537,3282,0,0,30
2313,617,613,539,3279,0,0,30
2314,619,599,541,3278,0,0,30
2315,617,609,541,3283,0,0,30
2316,615,613,538,3278,0,0,30
2317,612,610,539,3281,0,0,30
2318,614,612,541,3281,0,0,30
2319,621,610,540,3281,0,0,30
2320,615,611,538,3283,0,0,30
2321,614,609,539,3279,0,0,30
2322,617,615,539,3285,0,0,30
2323,616,617,542,3282,0,0,30
2324,615,626,538,3281,0,0,30
2325,612,610,541,3279,0,0,30
2326,615,609,532,3283,0,0,30
2327,616,616,540,3282,0,0,30
2328,613,617,539,3285,0,0,30
2329,618,606,539,3282,0,0,30
2330,614,602,541,3281,0,0,30
2331,614,611,541,3283,0,0,30
2332,615,614,542,3281,0,0,30
2333,619,612,538,3281,0,0,30
2334,610,610,539,3282,0,0,30
2335,617,612,540,3282,0,0,30
2336,616,613,539,3279,0,0,30
2337,619,613,535,3284,0,0,30
2338,621,612,538,3279,0,0,30
2339,616,609,541,3281,0,0,30
2340,615,608,539,3276,0,0,30
2341,623,608,539,3282,0,0,30
2342,617,620,542,3282,0,0,30
2343,615,606,544,3282,0,0,30
2344,616,612,540,3282,0,0,30
2345,621,614,535,3283,0,0,30
2346,618,613,539,3281,0,0,30
2347,615,601,538,3281,0,0,30
2348,618,611,540,3279,0,0,30
2349,609,607,542,3283,0,0,30
2350,614,627,535,3282,0,0,30
2351,596,614,539,3283,0,0,30
2352,615,610,539,3285,0,0,30
2353,610,603,538,3285,0,0,30
2354,617,616,538,3286,0,0,30
2355,617,608,538,3276,0,0,30
2356,618,606,540,3281,0,0,30
2357,617,608,544,3283,0,0,30
2358,614,609,539,3283,0,0,30
2359,619,623,534,3284,0,0,30
2360,614,605,540,3284,0,0,30
2361,617,617,538,3284,0,0,30
2362,617,600,539,3281,0,0,30
2363,615,611,540,3283,0,0,30
2364,618,604,539,3287,0,0,30
2365,614,610,540,3284,0,0,30
2366,622,610,539,3283,0,0,30
2367,616,615,540,3280,0,0,30
2368,616,611,536,3284,0,0,30
2369,599,608,540,3281,0,0,30
2370,620,619,537,3280,0,0,30
2371,614,609,541,3281,0,0,30
2372,617,609,541,3281,0,0,30
2373,615,612,539,3282,0,0,30
2374,616,626,539,3281,0,0,30
2375,616,610,537,3277,0,0,30
2376,614,611,536,3280,0,0,30
2377,615,617,539,3277,0,0,30
2378,615,610,540,3285,0,0,30
2379,616,614,538,3284,0,0,30
2380,615,609,539,3281,0,0,30
2381,615,612,538,3282,0,0,30
2382,619,612,539,3283,0,0,30
2383,612,608,540,3283,0,0,30
2384,607,612,538,3283,0,0,30
2385,615,610,543,3281,0,0,30
2386,619,610,540,3278,0,0,30
2387,616,612,539,3282,0,0,30
2388,618,609,537,3285,0,0,30
2389,616,607,537,3281,0,0,30
2390,608,619,543,3280,0,0,30
2391,615,611,540,3278,0,0,30
2392,618,619,538,3283,0,0,30
2393,617,608,543,3283,0,0,30
2394,617,612,536,3282,0,0,30
2395,615,611,538,3281,0,0,30
2396,611,612,540,3281,0,0,30
2397,616,611,542,3282,0,0,30
2398,615,611,537,3287,0,0,30
2399,621,615,538,3281,0,0,30
2400,615,612,541,3279,0,0,30
2401,614,610,541,3282,0,0,30
2402,613,607,539,3282,0,0,30
2403,604,611,543,3281,0,0,30
2404,618,618,537,3282,0,0,30
2405,615,612,541,3281,0,0,30
2406,624,617,538,3284,0,0,30
2407,616,610,537,3280,0,0,30
2408,612,608,541,3279,0,0,30
2409,618,614,538,3281,0,0,30
2410,622,606,538,3285,0,0,30
2411,618,616,538,3282,0,0,30
2412,618,609,541,3282,0,0,30
2413,609,602,541,3283,0,0,30
2414,618,613,540,3283,0,0,30
2415,615,616,540,3282,0,0,30
2416,617,608,542,3281,0,0,30
2417,616,610,541,3283,0,0,30
2418,603,612,541,3282,0,0,30
2419,622,605,538,3280,0,0,30
2420,618,611,539,3277,0,0,30
2421,617,628,542,3280,0,0,30
2422,617,613,544,3286,0,0,30
2423,617,619,540,3280,0,0,30
2424,612,609,538,3280,0,0,30
2425,607,611,539,3280,0,0,30
2426,611,617,538,3281,0,0,30
2427,613,597,539,3278,0,0,30
2428,620,609,539,3284,0,0,30
2429,617,615,541,3280,0,0,30
2430,614,619,539,3283,0,0,30
2431,618,614,539,3280,0,0,30
2432,623,610,539,3287,0,0,30
2433,601,602,544,3283,0,0,30
2434,618,611,541,3282,0,0,30
2435,618,594,536,3281,0,0,30
2436,617,614,544,3282,0,0,30
2437,620,611,541,3281,0,0,30
2438,606,610,541,3282,0,0,30
2439,611,611,538,3278,0,0,30
2440,615,621,542,3281,0,0,30
2441,613,608,539,3279,0,0,30
2442,613,608,542,3281,0,0,30
2443,612,611,539,3285,0,0,30
2444,612,608,542,3283,0,0,30
2445,614,609,543,3281,0,0,30
2446,610,612,541,3280,0,0,30
2447,613,609,543,3280,0,0,30
2448,621,613,540,3282,0,0,30
2449,617,610,540,3282,0,0,30
2450,610,608,542,3281,0,0,30
2451,614,606,538,3281,0,0,30
2452,616,611,542,3279,0,0,30
2453,624,609,540,3281,0,0,30
2454,618,601,539,3282,0,0,30
2455,615,612,537,3280,0,0,30
2456,618,607,540,3282,0,0,30
2457,616,613,539,3281,0,0,30
2458,616,604,540,3281,0,0,30
2459,614,619,546,3284,0,0,30
2460,617,613,540,3282,0,0,30
2461,615,613,544,3280,0,0,30
2462,617,612,539,3279,0,0,30
2463,614,612,537,3277,0,0,30
2464,611,610,540,3281,0,0,30
2465,610,609,539,3279,0,0,30
2466,608,607,540,3285,0,0,30
2467,616,610,539,3282,0,0,30
2468,615,606,540,3280,0,0,30
2469,619,614,543,3281,0,0,30
2470,614,610,539,3284,0,0,30
2471,613,611,539,3282,0,0,30
2472,616,610,538,3283,0,0,30
2473,614,617,540,3281,0,0,30
2474,611,610,538,3281,0,0,30
2475,617,608,538,3281,0,0,30
2476,616,612,539,3279,0,0,30
2477,615,613,541,3280,0,0,30
2478,617,610,537,3281,0,0,30
2479,611,609,535,3280,0,0,30
2480,616,613,539,3283,0,0,30
2481,614,612,539,3280,0,0,30
2482,609,616,539,3282,0,0,30
2483,615,610,538,3282,0,0,30
2484,615,610,537,3281,0,0,30
2485,613,613,543,3281,0,0,30
2486,618,611,539,3274,0,0,30
2487,609,612,542,3281,0,0,30
2488,613,603,527,3280,0,0,30
2489,613,613,540,3283,0,0,30
2490,615,614,547,3281,0,0,30
2491,617,609,540,3281,0,0,30
2492,612,612,539,3283,0,0,30
2493,621,614,540,3281,0,0,30
2494,617,610,539,3280,0,0,30
2495,625,613,539,3282,0,0,30
2496,618,612,540,3281,0,0,30
2497,614,615,539,3281,0,0,30
2498,615,614,536,3280,0,0,30
2499,611,606,542,3279,0,0,30
2500,615,611,542,3281,0,0,30
2501,611,607,537,3282,0,0,30
2502,613,612,540,3279,0,0,30
2503,616,611,539,3281,0,0,30
2504,612,613,542,3286,0,0,30
2505,615,612,539,3280,0,0,30
2506,612,597,538,3280,0,0,30
2507,614,616,542,3280,0,0,30
2508,615,617,543,3283,0,0,30
2509,607,618,540,3283,0,0,30
2510,613,611,535,3282,0,0,30
2511,621,610,534,3279,0,0,30
2512,617,611,538,3282,0,0,30
2513,619,610,539,3283,0,0,30
2514,617,611,540,3278,0,0,30
2515,621,609,538,3284,0,0,30
2516,621,608,542,3281,0,0,30
2517,614,613,541,3282,0,0,30
2518,613,611,538,3281,0,0,30
2519,618,609,540,3275,0,0,30
2520,614,619,540,3278,0,0,30
2521,614,611,541,3283,0,0,30
2522,615,616,535,3282,0,0,30
2523,614,611,538,3281,0,0,30
2524,613,605,540,3282,0,0,30
2525,608,611,539,3280,0,0,30
2526,616,609,540,3277,0,0,30
2527,613,612,540,3281,0,0,30
2528,613,615,540,3275,0,0,30
2529,611,610,538,3279,0,0,30
2530,615,607,539,3281,0,0,30
2531,615,608,539,3281,0,0,30
2532,621,613,538,3279,0,0,30
2533,613,613,541,3283,0,0,30
2534,615,614,544,3282,0,0,30
2535,619,614,540,3282,0,0,30
2536,617,612,539,3281,0,0,30
2537,613,610,540,3283,0,0,30
2538,616,614,540,3281,0,0,30
2539,615,612,537,3284,0,0,30
2540,623,611,541,3283,0,0,30
2541,608,609,540,3282,0,0,30
2542,614,609,541,3283,0,0,30
2543,619,609,538,3282,0,0,30
2544,617,610,538,3288,0,0,30
2545,617,609,539,3284,0,0,30
2546,624,609,536,3282,0,0,30
2547,618,615,543,3281,0,0,30
2548,612,609,540,3281,0,0,30
2549,611,605,541,3282,0,0,30
2550,616,616,541,3280,0,0,30
2551,617,611,538,3283,0,0,30
2552,617,613,540,3280,0,0,30
2553,618,608,539,3276,0,0,30
2554,614,601,540,3281,0,0,30
2555,614,610,540,3281,0,0,30
2556,620,613,540,3279,0,0,30
2557,616,613,544,3288,0,0,30
2558,614,609,538,3284,0,0,30
2559,612,614,542,3281,0,0,30
2560,621,609,540,3284,0,0,30
2561,614,607,542,3278,0,0,30
2562,613,612,538,3282,0,0,30
2563,616,608,544,3280,0,0,30
2564,622,607,540,3281,0,0,30
2565,614,613,547,3282,0,0,30
2566,612,613,541,3279,0,0,30
2567,615,603,543,3281,0,0,30
2568,612,609,540,3280,0,0,30
2569,611,605,541,3280,0,0,30
2570,613,610,537,3280,0,0,30
2571,618,610,541,3282,0,0,30
2572,612,616,540,3280,0,0,30
2573,618,608,542,3281,0,0,30
2574,615,610,539,3281,0,0,30
2575,611,612,539,3283,0,0,30
2576,619,610,539,3280,0,0,30
2577,617,611,542,3281,0,0,30
2578,616,608,541,3280,0,0,30
2579,615,609,538,3279,0,0,30
2580,615,613,538,3282,0,0,30
2581,612,613,539,3281,0,0,30
2582,613,613,541,3282,0,0,30
2583,615,608,538,3280,0,0,30
2584,615,615,543,3282,0,0,30
2585,615,612,539,3281,0,0,30
2586,617,609,540,3282,0,0,30
2587,616,618,540,3283,0,0,30
2588,616,605,540,3281,0,0,30
2589,617,611,543,3283,0,0,30
2590,614,612,540,3281,0,0,30
2591,612,611,541,3280,0,0,30
2592,618,610,542,3283,0,0,30
2593,617,609,539,3281,0,0,30
2594,619,608,539,3279,0,0,30
2595,614,609,540,3282,0,0,30
2596,615,615,542,3279,0,0,30
2597,611,611,539,3282,0,0,30
2598,611,612,541,3282,0,0,30
2599,612,604,539,3283,0,0,30
2600,618,613,547,3281,0,0,30
2601,615,611,545,3281,0,0,30
2602,616,608,538,3281,0,0,30
2603,617,616,540,3277,0,0,30
2604,611,613,538,3285,0,0,30
2605,615,611,540,3281,0,0,30
2606,612,612,540,3279,0,0,30
2607,615,611,539,3284,0,0,30
2608,609,615,540,3282,0,0,30
2609,607,612,545,3281,0,0,30
2610,616,612,538,3280,0,0,30
2611,615,613,539,3278,0,0,30
2612,618,612,541,3282,0,0,30
2613,614,615,539,3286,0,0,30
2614,622,628,540,3282,0,0,30
2615,617,613,539,3281,0,0,30
2616,611,606,531,3279,0,0,30
2617,614,613,537,3281,0,0,30
2618,620,612,540,3281,0,0,30
2619,617,619,536,3284,0,0,30
2620,616,609,540,3281,0,0,30
2621,613,608,538,3279,0,0,30
2622,616,619,539,3280,0,0,30
2623,616,613,539,3281,0,0,30
2624,614,612,539,3279,0,0,30
2625,617,607,539,3282,0,0,30
2626,618,611,537,3282,0,0,30
2627,615,614,539,3280,0,0,30
2628,618,613,540,3283,0,0,30
2629,618,610,537,3280,0,0,30
2630,618,611,539,3282,0,0,30
2631,615,607,543,3280,0,0,30
2632,618,613,539,3280,0,0,30
2633,617,612,539,3281,0,0,30
2634,621,609,539,3273,0,0,30
2635,612,619,540,3284,0,0,30
2636,616,608,545,3280,0,0,30
2637,619,609,537,3281,0,0,30
2638,614,608,539,3281,0,0,30
2639,614,611,542,3284,0,0,30
2640,615,613,539,3281,0,0,30
2641,611,609,540,3282,0,0,30
2642,608,619,541,3281,0,0,30
2643,611,609,541,3282,0,0,30
2644,613,610,539,3279,0,0,30
2645,615,609,538,3282,0,0,30
2646,614,610,541,3276,0,0,30
2647,615,610,540,3276,0,0,30
2648,615,602,540,3281,0,0,30
2649,612,604,539,3283,0,0,30
2650,619,618,540,3276,0,0,30
2651,614,613,536,3284,0,0,30
2652,617,608,536,3279,0,0,30
2653,620,615,538,3282,0,0,30
2654,614,609,540,3284,0,0,30
2655,613,630,539,3281,0,0,30
2656,620,614,539,3278,0,0,30
2657,615,609,539,3281,0,0,30
2658,612,614,541,3281,0,0,30
2659,618,611,542,3281,0,0,30
2660,618,612,541,3280,0,0,30
2661,618,612,535,3282,0,0,30
2662,613,611,540,3288,0,0,30
2663,619,607,536,3283,0,0,30
2664,617,611,540,3284,0,0,30
2665,616,610,545,3286,0,0,30
2666,615,613,539,3281,0,0,30
2667,616,612,540,3282,0,0,30
2668,616,613,541,3282,0,0,30
2669,617,602,538,3280,0,0,30
2670,616,610,538,3279,0,0,30
2671,620,610,537,3281,0,0,30
2672,618,613,539,3284,0,0,30
2673,613,614,539,3281,0,0,30
2674,613,612,536,3285,0,0,30
2675,617,614,544,3282,0,0,30
2676,612,618,539,3285,0,0,30
2677,616,609,540,3281,0,0,30
2678,616,613,534,3283,0,0,30
2679,616,597,541,3281,0,0,30
2680,613,602,541,3275,0,0,30
2681,614,609,540,3282,0,0,30
2682,620,605,537,3285,0,0,30
2683,602,610,538,3281,0,0,30
2684,615,613,540,3282,0,0,30
2685,627,609,539,3281,0,0,30
2686,614,613,538,3281,0,0,30
2687,617,615,541,3282,0,0,30
2688,614,613,540,3281,0,0,30
2689,613,613,540,3280,0,0,30
2690,620,611,542,3281,0,0,30
2691,615,613,544,3283,0,0,30
2692,613,609,537,3280,0,0,30
2693,615,607,541,3282,0,0,30
2694,615,614,538,3274,0,0,30
2695,616,610,541,3284,0,0,30
2696,617,617,538,3281,0,0,30
2697,615,611,543,3285,0,0,30
2698,618,630,542,3281,0,0,30
2699,615,609,539,3281,0,0,30
2700,611,609,541,3279,0,0,30
2701,618,606,541,3279,0,0,30
2702,615,614,538,3284,0,0,30
2703,615,611,539,3282,0,0,30
2704,609,611,541,3282,0,0,30
2705,616,610,538,3282,0,0,30
2706,618,618,538,3279,0,0,30
2707,617,611,541,3280,0,0,30
2708,620,608,539,3285,0,0,30
2709,616,608,539,3282,0,0,30
2710,620,611,539,3285,0,0,30
2711,607,611,532,3280,0,0,30
2712,616,612,538,3284,0,0,30
2713,623,620,541,3281,0,0,30
2714,615,613,543,3283,0,0,30
2715,613,605,536,3282,0,0,30
2716,616,614,540,3283,0,0,30
2717,618,611,539,3282,0,0,30
2718,613,610,541,3282,0,0,30
2719,614,615,536,3280,0,0,30
2720,612,612,541,3282,0,0,30
2721,616,613,540,3283,0,0,30
2722,614,612,540,3283,0,0,30
2723,617,618,544,3282,0,0,30
2724,615,611,541,3282,0,0,30
2725,613,612,540,3279,0,0,30
2726,616,609,537,3280,0,0,30
2727,617,609,542,3288,0,0,30
2728,621,610,539,3279,0,0,30
2729,615,615,538,3282,0,0,30
2730,610,618,536,3281,0,0,30
2731,611,612,538,3283,0,0,30
2732,619,612,541,3283,0,0,30
2733,615,614,540,3280,0,0,30
2734,616,615,543,3282,0,0,30
2735,615,609,541,3279,0,0,30
2736,613,612,542,3283,0,0,30
2737,616,611,540,3282,0,0,30
2738,610,612,542,3281,0,0,30
2739,616,612,543,3280,0,0,30
2740,617,623,542,3281,0,0,30
2741,614,609,538,3281,0,0,30
2742,615,609,540,3278,0,0,30
2743,621,607,540,3279,0,0,30
2744,617,608,540,3282,0,0,30
2745,616,611,539,3280,0,0,30
2746,607,609,540,3281,0,0,30
2747,612,613,541,3281,0,0,30
2748,610,612,542,3281,0,0,30
2749,613,616,540,3283,0,0,30
2750,616,614,539,3280,0,0,30
2751,627,611,543,3280,0,0,30
2752,620,612,540,3286,0,0,30
2753,615,614,543,3281,0,0,30
2754,617,613,544,3281,0,0,30
2755,613,610,543,3283,0,0,30
2756,617,611,541,3282,0,0,30
2757,616,604,540,3286,0,0,30
2758,618,612,542,3280,0,0,30
2759,615,608,541,3282,0,0,30
2760,606,613,543,3284,0,0,30
2761,618,609,539,3280,0,0,30
2762,616,614,543,3279,0,0,30
2763,609,613,540,3282,0,0,30
2764,612,608,537,3281,0,0,30
2765,615,611,538,3279,0,0,30
2766,616,608,532,3282,0,0,30
2767,612,612,539,3277,0,0,30
2768,615,613,537,3282,0,0,30
2769,621,608,540,3281,0,0,30
2770,615,613,541,3280,0,0,30
2771,613,617,543,3284,0,0,30
2772,613,611,539,3283,0,0,30
2773,621,617,536,3282,0,0,30
2774,614,614,541,3283,0,0,30
2775,611,605,539,3280,0,0,30
2776,618,612,537,3282,0,0,30
2777,617,616,543,3282,0,0,30
2778,616,611,538,3280,0,0,30
2779,613,609,539,3281,0,0,30
2780,615,612,542,3279,0,0,30
2781,616,610,541,3286,0,0,30
2782,611,608,537,3281,0,0,30
2783,613,616,540,3283,0,0,30
2784,610,618,539,3280,0,0,30
2785,616,615,542,3280,0,0,30
2786,617,608,540,3281,0,0,30
2787,625,612,538,3284,0,0,30
2788,616,607,534,3282,0,0,30
2789,619,612,537,3280,0,0,30
2790,616,590,537,3279,0,0,30
2791,617,614,536,3281,0,0,30
2792,614,613,534,3279,0,0,30
2793,612,607,540,3272,0,0,30
2794,619,607,537,3281,0,0,30
2795,610,608,540,3281,0,0,30
2796,606,612,540,3283,0,0,30
2797,618,610,539,3282,0,0,30
2798,613,614,540,3280,0,0,30
2799,609,617,539,3282,0,0,30
2800,616,607,539,3279,0,0,30
2801,617,612,542,3284,0,0,30
2802,623,625,540,3280,0,0,30
2803,618,614,539,3280,0,0,30
2804,611,614,539,3281,0,0,30
2805,617,599,543,3279,0,0,30
2806,613,612,538,3281,0,0,30
2807,616,611,536,3283,0,0,30
2808,619,612,539,3282,0,0,30
2809,615,604,538,3281,0,0,30
2810,622,612,542,3282,0,0,30
2811,608,612,541,3282,0,0,30
2812,616,615,538,3281,0,0,30
2813,612,609,540,3287,0,0,30
2814,613,612,537,3281,0,0,30
2815,620,611,538,3282,0,0,30
2816,619,609,539,3282,0,0,30
2817,615,612,540,3279,0,0,30
2818,615,612,537,3281,0,0,30
2819,612,613,543,3286,0,0,30
2820,612,610,543,3278,0,0,30
2821,613,617,539,3287,0,0,30
2822,610,613,541,3283,0,0,30
2823,611,611,539,3280,0,0,30
2824,613,609,540,3281,0,0,30
2825,615,628,540,3280,0,0,30
2826,615,608,539,3282,0,0,30
2827,616,613,541,3281,0,0,30
2828,617,605,544,3278,0,0,30
2829,614,607,538,3281,0,0,30
2830,613,615,542,3281,0,0,30
2831,617,617,540,3283,0,0,30
2832,616,611,540,3280,0,0,30
2833,613,595,539,3281,0,0,30
2834,621,608,532,3282,0,0,30
2835,621,610,540,3284,0,0,30
2836,616,612,546,3282,0,0,30
2837,620,610,540,3282,0,0,30
2838,619,607,538,3282,0,0,30
2839,622,607,540,3280,0,0,30
2840,610,602,539,3283,0,0,30
2841,617,612,539,3281,0,0,30
2842,610,602,538,3279,0,0,30
2843,610,615,541,3280,0,0,30
2844,614,609,541,3281,0,0,30
2845,611,610,538,3281,0,0,30
2846,618,610,539,3282,0,0,30
2847,612,607,543,3282,0,0,30
2848,616,613,540,3283,0,0,30
2849,620,618,540,3280,0,0,30
2850,618,603,541,3282,0,0,30
2851,627,610,541,3281,0,0,30
2852,616,613,538,3279,0,0,30
2853,628,611,539,3281,0,0,30
2854,620,600,540,3279,0,0,30
2855,615,610,543,3280,0,0,30
2856,617,615,539,3281,0,0,30
2857,618,611,540,3284,0,0,30
2858,622,611,540,3284,0,0,30
2859,615,612,536,3283,0,0,30
2860,615,613,540,3280,0,0,30
2861,610,612,537,3285,0,0,30
2862,611,609,542,3281,0,0,30
2863,615,608,541,3281,0,0,30
2864,611,623,538,3280,0,0,30
2865,620,605,540,3281,0,0,30
2866,611,614,545,3283,0,0,30
2867,615,606,536,3282,0,0,30
2868,615,609,541,3283,0,0,30
2869,615,613,541,3281,0,0,30
2870,616,612,541,3278,0,0,30
2871,618,614,542,3280,0,0,30
2872,614,616,538,3280,0,0,30
2873,616,614,539,3284,0,0,30
2874,615,615,541,3281,0,0,30
2875,616,613,543,3281,0,0,30
2876,614,610,541,3282,0,0,30
2877,618,625,540,3280,0,0,30
2878,604,612,542,3279,0,0,30
2879,615,611,542,3280,0,0,30
2880,617,606,539,3279,0,0,30
2881,620,616,541,3281,0,0,30
2882,612,622,542,3281,0,0,30
2883,616,606,530,3283,0,0,30
2884,613,608,540,3283,0,0,30
2885,619,611,540,3283,0,0,30
2886,612,614,539,3279,0,0,30
2887,615,613,540,3282,0,0,30
2888,618,613,540,3282,0,0,30
2889,614,610,539,3279,0,0,30
2890,620,612,540,3281,0,0,30
2891,620,611,541,3282,0,0,30
2892,617,607,539,3281,0,0,30
2893,614,613,538,3283,0,0,30
2894,621,611,539,3288,0,0,30
2895,617,610,539,3280,0,0,30
2896,615,608,540,3284,0,0,30
2897,612,615,543,3283,0,0,30
2898,612,611,542,3282,0,0,30
2899,616,598,539,3283,0,0,30
2900,614,610,538,3280,0,0,30
2901,616,614,540,3280,0,0,30
2902,614,611,539,3280,0,0,30
2903,619,606,535,3280,0,0,30
2904,615,615,542,3283,0,0,30
2905,616,612,540,3280,0,0,30
2906,618,618,539,3282,0,0,30
2907,617,614,540,3282,0,0,30
2908,614,609,537,3282,0,0,30
2909,615,615,538,3285,0,0,30
2910,618,607,533,3286,0,0,30
2911,615,609,540,3284,0,0,30
2912,615,607,537,3282,0,0,30
2913,609,616,537,3282,0,0,30
2914,619,610,541,3282,0,0,30
2915,616,614,541,3277,0,0,30
2916,616,615,539,3280,0,0,30
2917,614,606,542,3282,0,0,30
2918,619,609,538,3281,0,0,30
2919,615,609,540,3278,0,0,30
2920,613,613,538,3283,0,0,30
2921,614,611,539,3283,0,0,30
2922,615,613,540,3282,0,0,30
2923,612,612,541,3281,0,0,30
2924,615,595,537,3282,0,0,30
2925,619,612,536,3282,0,0,30
2926,618,608,541,3287,0,0,30
2927,620,612,545,3276,0,0,30
2928,612,610,537,3283,0,0,30
2929,618,606,541,3280,0,0,30
2930,616,605,540,3282,0,0,30
2931,615,614,542,3282,0,0,30
2932,622,611,540,3282,0,0,30
2933,617,615,539,3283,0,0,30
2934,618,611,539,3286,0,0,30
2935,617,610,537,3285,0,0,30
2936,619,611,538,3279,0,0,30
2937,611,613,541,3282,0,0,30
2938,620,610,538,3273,0,0,30
2939,621,613,539,3285,0,0,30
2940,609,611,537,3280,0,0,30
2941,613,609,536,3281,0,0,30
2942,613,613,541,3282,0,0,30
2943,621,616,538,3282,0,0,30
2944,609,621,540,3282,0,0,30
2945,616,611,541,3285,0,0,30
2946,612,612,539,3279,0,0,30
2947,617,608,541,3281,0,0,30
2948,617,612,539,3282,0,0,30
2949,615,607,535,3282,0,0,30
2950,615,617,539,3281,0,0,30
2951,616,611,539,3283,0,0,30
2952,621,611,540,3279,0,0,30
2953,613,597,539,3281,0,0,30
2954,617,611,540,3280,0,0,30
2955,615,606,542,3281,0,0,30
2956,621,602,539,3281,0,0,30
2957,616,610,539,3292,0,0,30
2958,623,614,538,3281,0,0,30
2959,617,610,541,3281,0,0,30
2960,608,626,540,3283,0,0,30
2961,616,615,536,3282,0,0,30
2962,608,611,540,3283,0,0,30
2963,619,609,539,3282,0,0,30
2964,618,612,541,3283,0,0,30
2965,616,610,535,3279,0,0,30
2966,619,611,540,3281,0,0,30
2967,615,611,540,3282,0,0,30
2968,617,610,541,3283,0,0,30
2969,610,616,539,3278,0,0,30
2970,616,609,538,3280,0,0,30
2971,616,611,539,3279,0,0,30
2972,616,613,539,3289,0,0,30
2973,616,609,540,3282,0,0,30
2974,617,618,538,3280,0,0,30
2975,611,608,540,3281,0,0,30
2976,614,626,540,3273,0,0,30
2977,597,613,544,3283,0,0,30
2978,611,611,538,3284,0,0,30
2979,613,608,540,3280,0,0,30
2980,619,611,541,3281,0,0,30
2981,618,614,537,3283,0,0,30
2982,615,606,543,3279,0,0,30
2983,615,614,547,3280,0,0,30
2984,614,615,542,3281,0,0,30
2985,612,609,540,3280,0,0,30
2986,618,623,539,3280,0,0,30
2987,612,609,540,3283,0,0,30
2988,618,608,539,3282,0,0,30
2989,617,611,539,3281,0,0,30
2990,616,610,536,3281,0,0,30
2991,618,608,538,3281,0,0,30
2992,619,611,538,3278,0,0,30
2993,615,615,539,3284,0,0,30
2994,617,612,541,3282,0,0,30
2995,614,605,543,3279,0,0,30
2996,617,611,539,3280,0,0,30
2997,623,612,543,3283,0,0,30
2998,615,603,540,3282,0,0,30
2999,613,614,541,3281,0,0,30
3000,615,613,538,3281,0,0,30
3001,617,615,543,3281,0,0,30
3002,615,600,537,3280,0,0,30
3003,618,614,540,3280,0,0,30
3004,615,607,541,3282,0,0,30
3005,621,613,538,3284,0,0,30
3006,612,606,539,3280,0,0,30
3007,616,606,540,3279,0,0,30
3008,616,608,542,3282,0,0,30
3009,616,611,540,3282,0,0,30
3010,620,608,540,3283,0,0,30
3011,618,612,542,3287,0,0,30
3012,617,619,540,3275,0,0,30
3013,617,610,538,3280,0,0,30
3014,614,610,534,3281,0,0,30
3015,611,610,540,3286,0,0,30
3016,617,608,539,3283,0,0,30
3017,621,610,538,3283,0,0,30
3018,612,609,540,3285,0,0,30
3019,612,609,538,3281,0,0,30
3020,614,612,537,3280,0,0,30
3021,611,616,535,3283,0,0,30
3022,619,610,537,3282,0,0,30
3023,617,605,543,3280,0,0,30
3024,615,612,542,3279,0,0,30
3025,617,611,538,3280,0,0,30
3026,616,603,540,3282,0,0,30
3027,616,611,533,3281,0,0,30
3028,614,611,541,3281,0,0,30
3029,624,608,540,3279,0,0,30
3030,618,608,540,3287,0,0,30
3031,616,618,538,3280,0,0,30
3032,613,612,540,3282,0,0,30
3033,615,611,541,3282,0,0,30
3034,615,613,537,3282,0,0,30
3035,617,620,537,3283,0,0,30
3036,615,604,543,3281,0,0,30
3037,621,623,536,3282,0,0,30
3038,622,611,538,3281,0,0,30
3039,611,614,540,3282,0,0,30
3040,615,613,539,3283,0,0,30
3041,612,608,539,3283,0,0,30
3042,615,611,539,3277,0,0,30
3043,611,618,539,3280,0,0,30
3044,614,611,540,3281,0,0,30
3045,622,614,538,3284,0,0,30
3046,619,616,540,3284,0,0,30
3047,620,611,539,3280,0,0,30
3048,613,631,542,3279,0,0,30
3049,633,609,543,3276,0,0,30
3050,614,612,538,3282,0,0,30
3051,622,614,536,3283,0,0,30
3052,613,611,541,3282,0,0,30
3053,620,620,537,3281,0,0,30
3054,619,609,541,3276,0,0,30
3055,619,609,543,3279,0,0,30
3056,616,619,540,3280,0,0,30
3057,612,610,535,3282,0,0,30
3058,613,609,539,3279,0,0,30
3059,615,613,539,3283,0,0,30
3060,613,611,538,3284,0,0,30
3061,614,612,537,3282,0,0,30
3062,620,614,536,3281,0,0,30
3063,615,606,541,3280,0,0,30
3064,614,630,542,3280,0,0,30
3065,618,629,540,3281,0,0,30
3066,612,609,541,3280,0,0,30
3067,614,616,540,3278,0,0,30
3068,615,614,538,3279,0,0,30
3069,608,608,539,3275,0,0,30
3070,614,611,543,3281,0,0,30
3071,611,611,531,3282,0,0,30
3072,614,614,538,3282,0,0,30
3073,616,611,539,3287,0,0,30
3074,612,603,540,3281,0,0,30
3075,614,611,534,3280,0,0,30
3076,609,611,542,3281,0,0,30
3077,616,607,534,3282,0,0,30
3078,613,611,541,3279,0,0,30
3079,616,609,539,3281,0,0,30
3080,617,610,538,3280,0,0,30
3081,617,613,543,3281,0,0,30
3082,615,609,539,3277,0,0,30
3083,614,606,540,3281,0,0,30
3084,616,619,539,3280,0,0,30
3085,615,604,544,3280,0,0,30
3086,617,613,541,3283,0,0,30
3087,616,612,541,3280,0,0,30
3088,619,604,539,3281,0,0,30
3089,616,610,539,3280,0,0,30
3090,619,607,537,3280,0,0,30
3091,615,608,534,3283,0,0,30
3092,617,609,537,3279,0,0,30
3093,616,609,541,3280,0,0,30
3094,613,614,540,3282,0,0,30
3095,616,612,543,3282,0,0,30
3096,621,614,540,3279,0,0,30
3097,619,611,541,3282,0,0,30
3098,613,612,539,3280,0,0,30
3099,617,604,539,3285,0,0,30
3100,614,611,537,3282,0,0,30
3101,615,611,540,3284,0,0,30
3102,617,610,540,3280,0,0,30
3103,615,616,541,3282,0,0,30
3104,616,599,541,3282,0,0,30
3105,621,619,539,3282,0,0,30
3106,616,613,542,3280,0,0,30
3107,614,614,543,3280,0,0,30
3108,618,613,538,3280,0,0,30
3109,614,607,540,3278,0,0,30
3110,613,611,536,3283,0,0,30
3111,617,613,537,3282,0,0,30
3112,614,614,538,3278,0,0,30
3113,618,610,540,3278,0,0,30
3114,622,610,538,3283,0,0,30
3115,618,607,540,3280,0,0,30
3116,614,599,542,3281,0,0,30
3117,622,596,544,3282,0,0,30
3118,615,611,547,3284,0,0,30
3119,617,610,541,3289,0,0,30
3120,616,611,536,3282,0,0,30
3121,614,610,537,3282,0,0,30
3122,617,611,540,3276,0,0,30
3123,614,613,541,3281,0,0,30
3124,611,620,543,3280,0,0,30
3125,603,608,539,3281,0,0,30
3126,618,614,538,3283,0,0,30
3127,619,612,538,3280,0,0,30
3128,616,621,539,3282,0,0,30
3129,616,611,540,3283,0,0,30
3130,622,609,542,3280,0,0,30
3131,616,616,544,3282,0,0,30
3132,619,609,540,3281,0,0,30
3133,613,624,537,3280,0,0,30
3134,613,612,540,3284,0,0,30
3135,614,614,543,3279,0,0,30
3136,619,612,540,3286,0,0,30
3137,616,614,537,3279,0,0,30
3138,613,609,537,3283,0,0,30
3139,620,612,538,3280,0,0,30
3140,618,603,544,3280,0,0,30
3141,614,614,539,3282,0,0,30
3142,613,606,539,3280,0,0,30
3143,614,608,540,3276,0,0,30
3144,617,615,537,3282,0,0,30
3145,617,601,539,3279,0,0,30
3146,618,606,541,3281,0,0,30
3147,615,610,543,3284,0,0,30
3148,616,611,542,3281,0,0,30
3149,617,612,537,3283,0,0,30
3150,609,609,541,3280,0,0,30
3151,617,613,541,3282,0,0,30
3152,617,610,541,3282,0,0,30
3153,613,612,535,3282,0,0,30
3154,617,613,539,3279,0,0,30
3155,614,601,538,3278,0,0,30
3156,615,615,539,3285,0,0,30
3157,616,608,538,3281,0,0,30
3158,615,607,542,3279,0,0,30
3159,617,609,540,3284,0,0,30
3160,612,611,539,3280,0,0,30
3161,618,610,537,3284,0,0,30
3162,619,616,540,3277,0,0,30
3163,618,614,536,3280,0,0,30
3164,615,609,539,3280,0,0,30
3165,612,613,538,3280,0,0,30
3166,610,599,538,3282,0,0,30
3167,620,614,539,3280,0,0,30
3168,618,615,542,3280,0,0,30
3169,617,611,541,3280,0,0,30
3170,617,611,538,3282,0,0,30
3171,620,613,543,3280,0,0,30
3172,614,597,542,3282,0,0,30
3173,609,610,541,3282,0,0,30
3174,619,615,540,3280,0,0,30
3175,616,609,540,3280,0,0,30
3176,614,607,539,3282,0,0,30
3177,612,612,540,3282,0,0,30
3178,616,608,543,3284,0,0,30
3179,613,616,541,3280,0,0,30
3180,618,611,540,3281,0,0,30
3181,615,606,539,3294,0,0,30
3182,617,608,541,3285,0,0,30
3183,615,611,539,3282,0,0,30
3184,609,612,541,3279,0,0,30
3185,611,609,541,3280,0,0,30
3186,611,606,534,3280,0,0,30
3187,617,612,539,3280,0,0,30
3188,616,611,540,3280,0,0,30
3189,621,611,538,3280,0,0,30
3190,617,614,539,3283,0,0,30
3191,611,616,541,3282,0,0,30
3192,616,609,539,3281,0,0,30
3193,614,616,537,3282,0,0,30
3194,616,608,536,3283,0,0,30
3195,615,612,536,3279,0,0,30
3196,613,607,540,3282,0,0,30
3197,621,610,542,3280,0,0,30
3198,615,611,540,3286,0,0,30
3199,614,608,539,3279,0,0,30
3200,602,610,538,3279,0,0,30
3201,615,616,546,3278,0,0,30
3202,616,605,540,3280,0,0,30
3203,620,612,542,3281,0,0,30
3204,625,613,537,3282,0,0,30
3205,617,612,544,3280,0,0,30
3206,616,607,540,3280,0,0,30
3207,614,609,545,3281,0,0,30
3208,616,612,541,3282,0,0,30
3209,615,611,540,3280,0,0,30
3210,615,607,543,3281,0,0,30
3211,613,613,536,3275,0,0,30
3212,615,618,541,3282,0,0,30
3213,620,607,540,3283,0,0,30
3214,613,613,538,3283,0,0,30
3215,617,611,542,3281,0,0,30
3216,612,611,539,3280,0,0,30
3217,615,614,540,3283,0,0,30
3218,614,615,539,3281,0,0,30
3219,619,609,539,3282,0,0,30
3220,614,614,535,3273,0,0,30
3221,617,613,540,3284,0,0,30
3222,610,609,537,3280,0,0,30
3223,615,619,541,3282,0,0,30
3224,612,611,540,3282,0,0,30
3225,613,610,539,3279,0,0,30
3226,613,595,539,3280,0,0,30
3227,616,610,539,3283,0,0,30
3228,612,616,536,3280,0,0,30
3229,615,607,540,3282,0,0,30
3230,613,612,539,3282,0,0,30
3231,617,610,539,3286,0,0,30
3232,616,612,543,3279,0,0,30
3233,609,594,539,3287,0,0,30
3234,613,612,537,3281,0,0,30
3235,618,613,538,3282,0,0,30
3236,612,610,534,3279,0,0,30
3237,620,610,544,3282,0,0,30
3238,617,617,536,3280,0,0,30
3239,615,619,538,3282,0,0,30
3240,615,612,541,3280,0,0,30
3241,618,609,541,3278,0,0,30
3242,611,610,538,3282,0,0,30
3243,615,609,539,3282,0,0,30
3244,618,612,539,3282,0,0,30
3245,616,617,542,3279,0,0,30
3246,618,609,537,3280,0,0,30
3247,610,616,538,3283,0,0,30
3248,613,609,538,3283,0,0,30
3249,607,613,541,3281,0,0,30
3250,615,606,538,3282,0,0,30
3251,611,620,540,3281,0,0,30
3252,611,609,540,3284,0,0,30
3253,612,610,539,3284,0,0,30
3254,615,612,540,3282,0,0,30
3255,617,610,538,3282,0,0,30
3256,613,608,541,3284,0,0,30
3257,616,615,535,3280,0,0,30
3258,616,614,540,3275,0,0,30
3259,616,611,540,3278,0,0,30
3260,618,610,539,3279,0,0,30
3261,618,613,539,3280,0,0,30
3262,615,611,539,3283,0,0,30
3263,614,605,535,3289,0,0,30
3264,614,613,536,3280,0,0,30
3265,613,611,543,3283,0,0,30
3266,617,611,540,3281,0,0,30
3267,616,608,536,3285,0,0,30
3268,617,615,537,3280,0,0,30
3269,612,611,538,3281,0,0,30
3270,616,611,542,3283,0,0,30
3271,622,610,541,3279,0,0,30
3272,617,613,538,3282,0,0,30
3273,614,608,539,3279,0,0,30
3274,616,611,540,3280,0,0,30
3275,615,619,540,3282,0,0,30
3276,614,613,539,3280,0,0,30
3277,615,612,539,3282,0,0,30
3278,616,614,538,3283,0,0,30
3279,611,609,540,3280,0,0,30
3280,619,608,539,3283,0,0,30
3281,624,617,539,3280,0,0,30
3282,610,607,541,3280,0,0,30
3283,617,608,538,3283,0,0,30
3284,616,611,537,3279,0,0,30
3285,615,613,536,3281,0,0,30
3286,618,609,540,3273,0,0,30
3287,625,611,541,3277,0,0,30
3288,621,613,542,3281,0,0,30
3289,621,611,541,3279,0,0,30
3290,613,612,539,3282,0,0,30
3291,611,608,533,3281,0,0,30
3292,613,610,540,3270,0,0,30
3293,615,605,542,3282,0,0,30
3294,616,612,540,3280,0,0,30
3295,616,618,543,3279,0,0,30
3296,617,615,539,3279,0,0,30
3297,613,606,539,3279,0,0,30
3298,624,613,538,3281,0,0,30
3299,614,610,539,3281,0,0,30
3300,615,614,540,3282,0,0,30
3301,619,610,539,3282,0,0,30
3302,625,617,537,3278,0,0,30
3303,614,611,544,3280,0,0,30
3304,617,609,539,3280,0,0,30
3305,620,606,541,3281,0,0,30
3306,616,612,539,3277,0,0,30
3307,611,612,537,3281,0,0,30
3308,610,612,540,3279,0,0,30
3309,616,614,537,3279,0,0,30
3310,617,611,531,3283,0,0,30
3311,615,612,543,3274,0,0,30
3312,619,614,540,3283,0,0,30
3313,615,594,540,3282,0,0,30
3314,615,611,540,3282,0,0,30
3315,618,614,540,3284,0,0,30
3316,613,613,543,3280,0,0,30
3317,611,618,540,3281,0,0,30
3318,617,613,537,3282,0,0,30
3319,615,610,541,3282,0,0,30
3320,616,613,539,3280,0,0,30
3321,617,612,542,3280,0,0,30
3322,615,623,547,3281,0,0,30
3323,611,601,541,3281,0,0,30
3324,614,614,539,3278,0,0,30
3325,614,609,539,3281,0,0,30
3326,609,612,544,3279,0,0,30
3327,615,614,540,3279,0,0,30
3328,618,608,543,3280,0,0,30
3329,615,611,539,3282,0,0,30
3330,612,606,537,3279,0,0,30
3331,616,617,540,3281,0,0,30
3332,611,611,541,3276,0,0,30
3333,614,619,539,3280,0,0,30
3334,616,604,543,3291,0,0,30
3335,617,607,539,3275,0,0,30
3336,610,610,539,3273,0,0,30
3337,614,613,539,3278,0,0,30
3338,618,612,540,3281,0,0,30
3339,615,611,539,3280,0,0,30
3340,612,611,539,3280,0,0,30
3341,616,617,540,3280,0,0,30
3342,616,609,538,3278,0,0,30
3343,620,610,532,3281,0,0,30
3344,618,621,537,3281,0,0,30
3345,614,605,541,3280,0,0,30
3346,616,606,538,3280,0,0,30
3347,605,611,541,3284,0,0,30
3348,613,608,536,3286,0,0,30
3349,613,610,538,3281,0,0,30
3350,614,610,536,3277,0,0,30
3351,616,611,539,3278,0,0,30
3352,618,611,544,3279,0,0,30
3353,611,613,540,3280,0,0,30
3354,625,615,540,3278,0,0,30
3355,615,614,541,3282,0,0,30
3356,613,614,541,3282,0,0,30
3357,614,614,539,3278,0,0,30
3358,614,610,542,3285,0,0,30
3359,618,604,540,3281,0,0,30
3360,617,609,536,3278,0,0,30
3361,614,612,542,3281,0,0,30
3362,616,614,540,3278,0,0,30
3363,613,601,539,3280,0,0,30
3364,623,610,539,3280,0,0,30
3365,613,608,541,3281,0,0,30
3366,609,611,539,3282,0,0,30
3367,617,603,541,3278,0,0,30
3368,620,610,542,3287,0,0,30
3369,614,606,539,3284,0,0,30
3370,616,609,541,3280,0,0,30
3371,609,611,543,3280,0,0,30
3372,617,611,534,3280,0,0,30
3373,613,610,539,3282,0,0,30
3374,618,608,539,3281,0,0,30
3375,619,622,538,3284,0,0,30
3376,615,615,536,3281,0,0,30
3377,612,610,540,3294,0,0,30
3378,619,610,537,3278,0,0,30
3379,619,611,542,3281,0,0,30
3380,618,605,546,3284,0,0,30
3381,614,615,542,3277,0,0,30
3382,616,611,542,3281,0,0,30
3383,613,610,538,3282,0,0,30
3384,612,622,534,3281,0,0,30
3385,616,616,539,3281,0,0,30
3386,616,611,539,3282,0,0,30
3387,617,608,537,3282,0,0,30
3388,616,611,539,3281,0,0,30
3389,613,611,543,3281,0,0,30
3390,613,609,546,3281,0,0,30
3391,616,621,540,3279,0,0,30
3392,613,608,540,3282,0,0,30
3393,620,611,538,3279,0,0,30
3394,613,609,540,3277,0,0,30
3395,616,614,540,3281,0,0,30
3396,616,618,539,3279,0,0,30
3397,613,610,538,3280,0,0,30
3398,614,610,539,3281,0,0,30
3399,617,623,536,3275,0,0,30
3400,614,630,540,3280,0,0,30
3401,613,604,539,3280,0,0,30
3402,615,605,538,3280,0,0,30
3403,619,609,539,3277,0,0,30
3404,617,609,538,3279,0,0,30
3405,614,610,537,3283,0,0,30
3406,609,612,536,3279,0,0,30
3407,613,610,537,3281,0,0,30
3408,617,607,541,3280,0,0,30
3409,617,608,537,3283,0,0,30
3410,615,611,539,3281,0,0,30
3411,616,602,538,3278,0,0,30
3412,619,612,539,3282,0,0,30
3413,615,612,536,3285,0,0,30
3414,614,611,539,3283,0,0,30
3415,614,612,538,3280,0,0,30
3416,617,611,536,3282,0,0,30
3417,615,611,538,3286,0,0,30
3418,614,607,542,3280,0,0,30
3419,617,614,539,3287,0,0,30
3420,615,610,538,3283,0,0,30
3421,614,603,536,3286,0,0,30
3422,616,615,539,3280,0,0,30
3423,614,610,538,3282,0,0,30
3424,616,610,541,3281,0,0,30
3425,619,611,537,3276,0,0,30
3426,604,610,541,3278,0,0,30
3427,613,611,538,3280,0,0,30
3428,615,613,539,3281,0,0,30
3429,618,613,538,3281,0,0,30
3430,619,615,539,3279,0,0,30
3431,619,610,539,3282,0,0,30
3432,614,612,544,3280,0,0,30
3433,612,608,542,3281,0,0,30
3434,619,611,538,3283,0,0,30
3435,619,608,538,3285,0,0,30
3436,612,613,538,3283,0,0,30
3437,614,609,539,3283,0,0,30
3438,618,610,539,3284,0,0,30
3439,609,622,538,3279,0,0,30
3440,613,611,543,3282,0,0,30
3441,612,612,541,3280,0,0,30
3442,619,611,538,3282,0,0,30
3443,619,611,542,3283,0,0,30
3444,616,616,534,3283,0,0,30
3445,616,611,539,3286,0,0,30
3446,609,612,539,3282,0,0,30
3447,615,611,536,3282,0,0,30
3448,615,606,540,3281,0,0,30
3449,616,602,538,3282,0,0,30
3450,621,614,540,3282,0,0,30
3451,614,612,539,3279,0,0,30
3452,612,603,543,3279,0,0,30
3453,616,613,539,3280,0,0,30
3454,618,612,538,3281,0,0,30
3455,614,612,540,3284,0,0,30
3456,612,622,540,3281,0,0,30
3457,613,609,544,3282,0,0,30
3458,620,614,538,3283,0,0,30
3459,618,610,540,3286,0,0,30
3460,613,613,544,3277,0,0,30
3461,617,609,540,3278,0,0,30
3462,615,614,542,3278,0,0,30
3463,598,610,537,3280,0,0,30
3464,616,609,534,3282,0,0,30
3465,621,620,540,3280,0,0,30
3466,618,604,540,3280,0,0,30
3467,617,609,541,3288,0,0,30
3468,619,609,542,3281,0,0,30
3469,616,608,541,3281,0,0,30
3470,618,613,539,3279,0,0,30
3471,618,628,536,3284,0,0,30
3472,615,608,538,3279,0,0,30
3473,612,613,540,3280,0,0,30
3474,619,626,540,3280,0,0,30
3475,612,612,538,3282,0,0,30
3476,616,612,539,3282,0,0,30
3477,617,615,539,3286,0,0,30
3478,615,609,540,3279,0,0,30
3479,622,610,541,3280,0,0,30
3480,615,611,537,3281,0,0,30
3481,617,611,536,3276,0,0,30
3482,616,616,540,3276,0,0,30
3483,619,622,538,3284,0,0,30
3484,617,609,539,3282,0,0,30
3485,623,610,542,3284,0,0,30
3486,609,612,544,3279,0,0,30
3487,613,609,537,3279,0,0,30
3488,614,608,538,3278,0,0,30
3489,618,613,532,3283,0,0,30
3490,621,610,539,3282,0,0,30
3491,614,613,542,3282,0,0,30
3492,620,610,537,3284,0,0,30
3493,618,610,538,3281,0,0,30
3494,616,609,541,3281,0,0,30
3495,617,611,540,3280,0,0,30
3496,616,610,543,3281,0,0,30
3497,615,610,540,3282,0,0,30
3498,617,609,540,3275,0,0,30
3499,615,613,543,3282,0,0,30
3500,616,611,542,3280,0,0,30
3501,614,612,537,3281,0,0,30
3502,624,615,538,3282,0,0,30
3503,618,610,537,3281,0,0,30
3504,616,611,544,3281,0,0,30
3505,610,607,539,3279,0,0,30
3506,615,613,538,3284,0,0,30
3507,619,607,541,3278,0,0,30
3508,614,608,541,3281,0,0,30
3509,606,621,542,3277,0,0,30
3510,618,609,534,3280,0,0,30
3511,617,609,539,3285,0,0,30
3512,613,613,538,3282,0,0,30
3513,614,612,538,3283,0,0,30
3514,616,613,542,3282,0,0,30
3515,616,612,538,3280,0,0,30
3516,618,606,542,3276,0,0,30
3517,612,611,535,3282,0,0,30
3518,614,612,542,3282,0,0,30
3519,615,605,542,3282,0,0,30
3520,611,611,540,3280,0,0,30
3521,615,616,539,3281,0,0,30
3522,616,603,541,3280,0,0,30
3523,616,610,539,3279,0,0,30
3524,614,613,538,3286,0,0,30
3525,619,609,539,3280,0,0,30
3526,614,613,541,3285,0,0,30
3527,621,612,544,3283,0,0,30
3528,616,611,541,3279,0,0,30
3529,621,611,538,3284,0,0,30
3530,614,604,539,3281,0,0,30
3531,617,618,540,3282,0,0,30
3532,617,609,540,3282,0,0,30
3533,614,599,541,3281,0,0,30
3534,613,610,537,3282,0,0,30
3535,618,609,541,3279,0,0,30
3536,616,614,535,3284,0,0,30
3537,616,613,543,3280,0,0,30
3538,612,609,539,3282,0,0,30
3539,615,608,541,3285,0,0,30
3540,614,612,538,3280,0,0,30
3541,621,614,541,3284,0,0,30
3542,621,608,539,3282,0,0,30
3543,622,612,539,3283,0,0,30
3544,614,608,542,3280,0,0,30
3545,615,611,539,3284,0,0,30
3546,613,609,539,3283,0,0,30
3547,616,607,539,3281,0,0,30
3548,616,612,540,3281,0,0,30
3549,616,604,539,3281,0,0,30
3550,621,608,539,3281,0,0,30
3551,617,610,541,3282,0,0,30
3552,613,610,540,3280,0,0,30
3553,618,609,542,3280,0,0,30
3554,613,611,538,3283,0,0,30
3555,614,611,541,3281,0,0,30
3556,613,611,541,3281,0,0,30
3557,606,605,538,3282,0,0,30
3558,617,609,543,3285,0,0,30
3559,616,612,539,3281,0,0,30
3560,620,616,536,3279,0,0,30
3561,623,614,539,3279,0,0,30
3562,611,609,531,3282,0,0,30
3563,616,613,541,3277,0,0,30
3564,614,609,542,3284,0,0,30
3565,618,610,541,3282,0,0,30
3566,618,617,540,3282,0,0,30
3567,615,599,539,3281,0,0,30
3568,615,609,539,3280,0,0,30
3569,612,612,538,3281,0,0,30
3570,617,614,536,3281,0,0,30
3571,617,609,540,3286,0,0,30
3572,611,605,539,3283,0,0,30
3573,614,612,540,3282,0,0,30
3574,616,608,540,3274,0,0,30
3575,617,614,542,3282,0,0,30
3576,618,614,540,3279,0,0,30
3577,616,616,540,3281,0,0,30
3578,613,613,541,3279,0,0,30
3579,620,609,541,3282,0,0,30
3580,614,609,537,3282,0,0,30
3581,608,611,537,3282,0,0,30
3582,611,609,541,3281,0,0,30
3583,616,623,536,3281,0,0,30
3584,616,611,538,3281,0,0,30
3585,621,606,538,3280,0,0,30
3586,619,609,539,3281,0,0,30
3587,614,602,543,3280,0,0,30
3588,615,611,540,3282,0,0,30
3589,616,613,539,3281,0,0,30
3590,618,611,540,3280,0,0,30
3591,615,602,540,3281,0,0,30
3592,611,610,541,3285,0,0,30
3593,611,611,541,3283,0,0,30
3594,622,613,534,3283,0,0,30
3595,608,607,541,3279,0,0,30
3596,614,615,534,3276,0,0,30
3597,605,614,538,3283,0,0,30
3598,618,616,538,3281,0,0,30
3599,616,593,539,3281,0,0,30
3600,616,611,542,3283,0,0,30
3601,621,612,540,3287,0,0,30
3602,613,613,540,3278,0,0,30
3603,618,614,543,3287,0,0,30
3604,614,612,543,3279,0,0,30
3605,614,610,538,3281,0,0,30
3606,626,608,543,3281,0,0,30
3607,616,616,537,3282,0,0,30
3608,616,605,541,3281,0,0,30
3609,614,611,539,3280,0,0,30
3610,615,612,544,3280,0,0,30
3611,613,608,539,3281,0,0,30
3612,615,612,540,3283,0,0,30
3613,618,610,536,3284,0,0,30
3614,613,611,530,3274,0,0,30
3615,615,616,539,3282,0,0,30
3616,614,610,548,3281,0,0,30
3617,619,612,548,3286,0,0,30
3618,616,605,540,3281,0,0,30
3619,613,610,541,3280,0,0,30
3620,616,613,543,3279,0,0,30
3621,613,612,537,3281,0,0,30
3622,612,605,541,3279,0,0,30
3623,616,610,539,3283,0,0,30
3624,615,612,542,3282,0,0,30
3625,616,613,538,3282,0,0,30
3626,613,608,540,3277,0,0,30
3627,613,614,541,3280,0,0,30
3628,614,614,542,3280,0,0,30
3629,613,613,540,3283,0,0,30
3630,615,613,540,3276,0,0,30
3631,616,615,537,3278,0,0,30
3632,606,607,538,3282,0,0,30
3633,622,615,538,3284,0,0,30
3634,615,615,539,3280,0,0,30
3635,624,615,543,3280,0,0,30
3636,613,613,541,3278,0,0,30
3637,614,608,535,3281,0,0,30
3638,614,610,544,3283,0,0,30
3639,617,610,538,3284,0,0,30
3640,624,607,541,3281,0,0,30
3641,620,611,541,3281,0,0,30
3642,620,610,539,3280,0,0,30
3643,615,615,544,3283,0,0,30
3644,616,615,540,3282,0,0,30
3645,611,605,540,3281,0,0,30
3646,618,609,533,3275,0,0,30
3647,617,615,540,3280,0,0,30
3648,616,611,538,3280,0,0,30
3649,615,608,538,3281,0,0,30
3650,609,616,541,3284,0,0,30
3651,621,607,537,3289,0,0,30
3652,615,607,539,3279,0,0,30
3653,613,608,539,3281,0,0,30
3654,613,611,541,3281,0,0,30
3655,615,610,541,3279,0,0,30
3656,619,609,538,3282,0,0,30
3657,621,612,539,3286,0,0,30
3658,620,604,542,3282,0,0,30
3659,616,610,542,3280,0,0,30
3660,617,616,542,3278,0,0,30
3661,618,614,540,3281,0,0,30
3662,618,611,539,3281,0,0,30
3663,615,610,539,3278,0,0,30
3664,614,610,540,3281,0,0,30
3665,617,612,541,3282,0,0,30
3666,619,609,541,3280,0,0,30
3667,616,603,541,3282,0,0,30
3668,616,614,540,3282,0,0,30
3669,612,607,537,3280,0,0,30
3670,613,611,543,3283,0,0,30
3671,617,625,545,3286,0,0,30
3672,612,612,539,3284,0,0,30
3673,615,608,541,3278,0,0,30
3674,616,612,535,3280,0,0,30
3675,614,615,544,3283,0,0,30
3676,628,611,538,3280,0,0,30
3677,611,609,539,3286,0,0,30
3678,614,611,540,3278,0,0,30
3679,614,607,537,3279,0,0,30
3680,612,603,537,3281,0,0,30
3681,615,607,539,3281,0,0,30
3682,620,609,542,3279,0,0,30
3683,615,614,533,3280,0,0,30
3684,618,611,539,3281,0,0,30
3685,615,611,540,3279,0,0,30
3686,617,614,542,3271,0,0,30
3687,606,609,540,3275,0,0,30
3688,613,610,540,3277,0,0,30
3689,625,610,541,3281,0,0,30
3690,618,607,539,3282,0,0,30
3691,613,611,533,3280,0,0,30
3692,612,590,540,3277,0,0,30
3693,615,605,539,3279,0,0,30
3694,615,611,537,3282,0,0,30
3695,614,621,539,3280,0,0,30
3696,608,610,543,3280,0,0,30
3697,617,613,539,3277,0,0,30
3698,615,609,538,3281,0,0,30
3699,611,611,539,3280,0,0,30
3700,619,614,539,3279,0,0,30
3701,616,613,542,3279,0,0,30
3702,613,611,540,3279,0,0,30
3703,614,609,547,3281,0,0,30
3704,612,611,539,3281,0,0,30
3705,616,611,534,3279,0,0,30
3706,617,611,539,3281,0,0,30
3707,616,606,541,3280,0,0,30
3708,620,614,537,3283,0,0,30
3709,612,615,536,3282,0,0,30
3710,614,616,539,3280,0,0,30
3711,608,612,541,3280,0,0,30
3712,616,610,541,3282,0,0,30
3713,618,607,541,3280,0,0,30
3714,616,609,539,3281,0,0,30
3715,618,605,538,3280,0,0,30
3716,617,609,540,3280,0,0,30
3717,611,621,539,3280,0,0,30
3718,608,614,538,3279,0,0,30
3719,612,617,541,3282,0,0,30
3720,611,609,540,3280,0,0,30
3721,615,613,539,3277,0,0,30
3722,617,614,543,3282,0,0,30
3723,615,608,539,3281,0,0,30
3724,619,611,538,3280,0,0,30
3725,615,609,540,3281,0,0,30
3726,614,613,532,3282,0,0,30
3727,612,605,539,3282,0,0,30
3728,610,610,539,3280,0,0,30
3729,603,611,542,3281,0,0,30
3730,620,615,536,3279,0,0,30
3731,616,609,538,3280,0,0,30
3732,617,612,540,3281,0,0,30
3733,609,610,538,3288,0,0,30
3734,610,609,540,3282,0,0,30
3735,613,610,542,3281,0,0,30
3736,614,613,539,3282,0,0,30
3737,620,620,540,3283,0,0,30
3738,615,608,537,3279,0,0,30
3739,616,613,537,3284,0,0,30
3740,614,612,541,3282,0,0,30
3741,617,610,536,3281,0,0,30
3742,616,617,541,3283,0,0,30
3743,617,611,539,3283,0,0,30
3744,614,612,540,3281,0,0,30
3745,614,620,540,3284,0,0,30
3746,618,606,539,3282,0,0,30
3747,619,610,539,3280,0,0,30
3748,619,613,538,3282,0,0,30
3749,616,613,545,3281,0,0,30
3750,615,623,540,3280,0,0,30
3751,615,611,538,3283,0,0,30
3752,617,611,540,3281,0,0,30
3753,609,614,541,3284,0,0,30
3754,615,606,538,3277,0,0,30
3755,628,612,537,3283,0,0,30
3756,615,607,538,3280,0,0,30
3757,621,614,537,3280,0,0,30
3758,612,611,539,3282,0,0,30
3759,615,610,540,3280,0,0,30
3760,616,609,537,3280,0,0,30
3761,615,611,536,3282,0,0,30
3762,617,611,542,3282,0,0,30
3763,620,608,534,3284,0,0,30
3764,621,613,540,3278,0,0,30
3765,625,608,537,3284,0,0,30
3766,614,612,540,3279,0,0,30
3767,613,606,541,3280,0,0,30
3768,623,611,539,3285,0,0,30
3769,612,608,539,3283,0,0,30
3770,614,610,541,3281,0,0,30
3771,615,609,539,3280,0,0,30
3772,618,622,543,3281,0,0,30
3773,615,607,540,3281,0,0,30
3774,613,616,537,3279,0,0,30
3775,616,616,537,3284,0,0,30
3776,614,618,541,3281,0,0,30
3777,612,613,538,3282,0,0,30
3778,615,615,537,3282,0,0,30
3779,616,606,539,3280,0,0,30
3780,616,605,538,3281,0,0,30
3781,617,610,541,3284,0,0,30
3782,614,612,540,3278,0,0,30
3783,624,612,536,3280,0,0,30
3784,617,612,540,3280,0,0,30
3785,613,601,542,3280,0,0,30
3786,613,609,540,3278,0,0,30
3787,615,612,541,3281,0,0,30
3788,617,613,542,3281,0,0,30
3789,615,601,539,3282,0,0,30
3790,610,608,534,3281,0,0,30
3791,618,616,540,3282,0,0,30
3792,617,614,539,3280,0,0,30
3793,619,614,542,3282,0,0,30
3794,633,613,539,3279,0,0,30
3795,618,610,539,3281,0,0,30
3796,613,612,539,3281,0,0,30
3797,617,614,540,3281,0,0,30
3798,617,626,539,3289,0,0,30
3799,620,610,539,3279,0,0,30
3800,617,609,540,3278,0,0,30
3801,613,611,542,3278,0,0,30
3802,617,621,541,3280,0,0,30
3803,621,614,538,3278,0,0,30
3804,616,611,540,3280,0,0,30
3805,618,597,540,3283,0,0,30
3806,612,597,539,3280,0,0,30
3807,612,616,539,3281,0,0,30
3808,614,615,543,3280,0,0,30
3809,620,607,538,3281,0,0,30
3810,617,610,539,3274,0,0,30
3811,616,613,537,3279,0,0,30
3812,616,612,546,3279,0,0,30
3813,618,613,541,3279,0,0,30
3814,617,617,539,3281,0,0,30
3815,615,612,540,3281,0,0,30
3816,612,607,534,3280,0,0,30
3817,617,611,539,3277,0,0,30
3818,621,613,539,3280,0,0,30
3819,617,609,539,3282,0,0,30
3820,618,609,537,3280,0,0,30
3821,619,610,540,3278,0,0,30
3822,623,609,538,3278,0,0,30
3823,611,611,535,3282,0,0,30
3824,610,611,539,3281,0,0,30
3825,611,613,540,3280,0,0,30
3826,612,610,541,3281,0,0,30
3827,618,613,538,3282,0,0,30
3828,613,610,542,3281,0,0,30
3829,615,610,541,3280,0,0,30
3830,613,624,540,3282,0,0,30
3831,623,613,538,3283,0,0,30
3832,619,615,540,3277,0,0,30
3833,615,611,541,3280,0,0,30
3834,616,610,539,3280,0,0,30
3835,616,603,540,3281,0,0,30
3836,614,614,539,3283,0,0,30
3837,615,610,541,3281,0,0,30
3838,616,613,537,3282,0,0,30
3839,613,610,540,3281,0,0,30
3840,615,606,544,3281,0,0,30
3841,614,609,539,3278,0,0,30
3842,617,612,541,3282,0,0,30
3843,622,612,537,3281,0,0,30
3844,617,610,539,3280,0,0,30
3845,615,610,531,3281,0,0,30
3846,618,609,536,3283,0,0,30
3847,614,612,541,3284,0,0,30
3848,617,612,537,3280,0,0,30
3849,615,608,541,3281,0,0,30
3850,616,612,541,3279,0,0,30
3851,613,614,542,3278,0,0,30
3852,613,612,531,3280,0,0,30
3853,617,617,541,3278,0,0,30
3854,614,613,539,3280,0,0,30
3855,620,613,544,3281,0,0,30
3856,614,618,539,3281,0,0,30
3857,612,602,541,3281,0,0,30
3858,611,609,538,3285,0,0,30
3859,630,619,540,3281,0,0,30
3860,611,612,543,3281,0,0,30
3861,616,610,541,3281,0,0,30
3862,617,611,538,3275,0,0,30
3863,620,616,541,3278,0,0,30
3864,613,612,542,3279,0,0,30
3865,615,616,539,3282,0,0,30
3866,619,614,539,3280,0,0,30
3867,608,611,538,3279,0,0,30
3868,616,614,540,3281,0,0,30
3869,618,609,541,3280,0,0,30
3870,623,611,539,3281,0,0,30
3871,610,613,541,3280,0,0,30
3872,617,606,534,3281,0,0,30
3873,615,609,540,3279,0,0,30
3874,613,605,537,3281,0,0,30
3875,617,611,541,3281,0,0,30
3876,622,615,538,3280,0,0,30
3877,616,610,537,3281,0,0,30
3878,616,612,537,3281,0,0,30
3879,616,603,538,3279,0,0,30
3880,615,610,540,3285,0,0,30
3881,611,609,537,3279,0,0,30
3882,625,613,538,3279,0,0,30
3883,613,612,537,3282,0,0,30
3884,616,610,539,3293,0,0,30
3885,608,609,542,3278,0,0,30
3886,615,612,536,3281,0,0,30
3887,617,612,543,3274,0,0,30
3888,618,614,543,3271,0,0,30
3889,616,611,537,3281,0,0,30
3890,616,614,541,3279,0,0,30
3891,619,613,544,3280,0,0,30
3892,611,616,542,3286,0,0,30
3893,616,614,541,3280,0,0,30
3894,615,608,541,3279,0,0,30
3895,618,608,543,3278,0,0,30
3896,614,606,538,3281,0,0,30
3897,610,615,542,3279,0,0,30
3898,614,606,539,3282,0,0,30
3899,616,618,539,3280,0,0,30
3900,621,616,542,3283,0,0,30
3901,619,613,540,3278,0,0,30
3902,616,612,539,3282,0,0,30
3903,616,624,539,3281,0,0,30
3904,623,611,543,3281,0,0,30
3905,614,614,538,3282,0,0,30
3906,613,611,539,3281,0,0,30
3907,610,608,542,3285,0,0,30
3908,615,607,535,3282,0,0,30
3909,616,615,539,3280,0,0,30
3910,613,613,538,3279,0,0,30
3911,615,613,535,3285,0,0,30
3912,616,611,541,3282,0,0,30
3913,618,622,541,3285,0,0,30
3914,617,608,533,3282,0,0,30
3915,617,608,538,3281,0,0,30
3916,614,611,539,3281,0,0,30
3917,610,613,542,3282,0,0,30
3918,618,616,538,3280,0,0,30
3919,613,612,540,3282,0,0,30
3920,619,609,540,3281,0,0,30
3921,616,611,537,3283,0,0,30
3922,616,610,534,3281,0,0,30
3923,616,613,542,3280,0,0,30
3924,618,607,546,3278,0,0,30
3925,614,611,530,3281,0,0,30
3926,614,609,540,3278,0,0,30
3927,614,611,540,3282,0,0,30
3928,618,616,538,3281,0,0,30
3929,615,611,539,3279,0,0,30
3930,614,615,539,3280,0,0,30
3931,620,606,537,3280,0,0,30
3932,614,614,540,3280,0,0,30
3933,612,611,537,3279,0,0,30
3934,613,608,537,3279,0,0,30
3935,615,610,536,3280,0,0,30
3936,618,613,539,3280,0,0,30
3937,621,611,539,3281,0,0,30
3938,612,608,538,3280,0,0,30
3939,616,615,539,3281,0,0,30
3940,616,613,541,3281,0,0,30
3941,612,609,540,3282,0,0,30
3942,616,614,540,3281,0,0,30
3943,613,597,539,3281,0,0,30
3944,616,610,548,3272,0,0,30
3945,612,605,542,3282,0,0,30
3946,615,614,540,3282,0,0,30
3947,616,613,539,3281,0,0,30
3948,615,609,538,3280,0,0,30
3949,615,609,538,3282,0,0,30
3950,600,613,540,3280,0,0,30
3951,618,611,539,3282,0,0,30
3952,611,609,539,3280,0,0,30
3953,618,610,543,3282,0,0,30
3954,615,615,540,3278,0,0,30
3955,624,610,536,3281,0,0,30
3956,618,608,539,3278,0,0,30
3957,618,609,541,3280,0,0,30
3958,614,614,537,3281,0,0,30
3959,622,613,539,3281,0,0,30
3960,621,612,542,3280,0,0,30
3961,612,612,543,3281,0,0,30
3962,616,621,542,3281,0,0,30
3963,618,615,545,3282,0,0,30
3964,615,612,540,3275,0,0,30
3965,614,611,542,3278,0,0,30
3966,609,610,539,3280,0,0,30
3967,614,611,539,3281,0,0,30
3968,615,612,542,3277,0,0,30
3969,613,614,543,3276,0,0,30
3970,618,609,543,3281,0,0,30
3971,614,614,541,3281,0,0,30
3972,612,611,542,3281,0,0,30
3973,614,612,537,3282,0,0,30
3974,611,605,540,3280,0,0,30
3975,611,615,540,3283,0,0,30
3976,611,612,540,3282,0,0,30
3977,618,615,541,3281,0,0,30
3978,616,613,539,3279,0,0,30
3979,619,620,541,3282,0,0,30
3980,618,611,542,3284,0,0,30
3981,613,610,539,3279,0,0,30
3982,613,606,539,3277,0,0,30
3983,614,613,540,3280,0,0,30
3984,611,604,548,3280,0,0,30
3985,616,607,539,3281,0,0,30
3986,608,613,540,3281,0,0,30
3987,612,609,538,3280,0,0,30
3988,613,611,538,3286,0,0,30
3989,609,614,541,3278,0,0,30
3990,615,622,539,3281,0,0,30
3991,614,609,537,3280,0,0,30
3992,614,609,539,3279,0,0,30
3993,614,611,537,3283,0,0,30
3994,610,611,538,3274,0,0,30
3995,615,612,538,3279,0,0,30
3996,617,617,537,3279,0,0,30
3997,614,607,538,3282,0,0,30
3998,617,595,540,3283,0,0,30
3999,618,613,538,3279,0,0,30
4000,608,609,540,3282,0,0,30
4001,611,611,538,3282,0,0,30
4002,621,615,540,3275,0,0,30
4003,614,619,537,3280,0,0,30
4004,615,612,540,3280,0,0,30
4005,616,603,541,3280,0,0,30
4006,617,609,539,3281,0,0,30
4007,616,604,542,3280,0,0,30
4008,616,614,540,3279,0,0,30
4009,625,611,539,3279,0,0,30
4010,615,614,538,3280,0,0,30
4011,614,612,542,3281,0,0,30
4012,614,616,538,3280,0,0,30
4013,614,608,539,3280,0,0,30
4014,616,612,538,3276,0,0,30
4015,622,609,537,3278,0,0,30
4016,604,610,540,3281,0,0,30
4017,615,605,540,3279,0,0,30
4018,613,614,540,3283,0,0,30
4019,618,612,542,3282,0,0,30
4020,616,622,539,3278,0,0,30
4021,617,622,543,3281,0,0,30
4022,618,609,540,3278,0,0,30
4023,610,611,539,3281,0,0,30
4024,615,610,539,3283,0,0,30
4025,619,608,541,3281,0,0,30
4026,616,614,536,3281,0,0,30
4027,614,616,539,3289,0,0,30
4028,622,607,534,3280,0,0,30
4029,613,611,541,3279,0,0,30
4030,616,612,541,3280,0,0,30
4031,613,609,539,3281,0,0,30
4032,614,612,540,3278,0,0,30
4033,612,614,539,3279,0,0,30
4034,618,609,538,3278,0,0,30
4035,614,622,538,3281,0,0,30
4036,613,605,536,3282,0,0,30
4037,625,614,539,3283,0,0,30
4038,615,607,540,3279,0,0,30
4039,616,612,541,3282,0,0,30
4040,615,611,540,3283,0,0,30
4041,613,615,540,3283,0,0,30
4042,616,615,541,3280,0,0,30
4043,614,614,540,3282,0,0,30
4044,616,612,537,3280,0,0,30
4045,615,610,538,3281,0,0,30
4046,614,615,538,3287,0,0,30
4047,609,613,541,3280,0,0,30
4048,614,617,547,3283,0,0,30
4049,596,613,539,3279,0,0,30
4050,615,611,539,3283,0,0,30
4051,619,612,537,3280,0,0,30
4052,615,630,541,3280,0,0,30
4053,617,612,543,3279,0,0,30
4054,624,613,541,3283,0,0,30
4055,614,610,539,3283,0,0,30
4056,618,616,538,3281,0,0,30
4057,617,606,541,3284,0,0,30
4058,616,611,540,3286,0,0,30
4059,626,612,538,3282,0,0,30
4060,604,613,540,3283,0,0,30
4061,620,612,541,3280,0,0,30
4062,615,607,541,3282,0,0,30
4063,613,612,538,3281,0,0,30
4064,613,613,539,3281,0,0,30
4065,614,617,537,3279,0,0,30
4066,614,608,540,3281,0,0,30
4067,599,612,541,3280,0,0,30
4068,613,611,539,3282,0,0,30
4069,621,607,538,3281,0,0,30
4070,615,619,537,3278,0,0,30
4071,618,614,540,3281,0,0,30
4072,614,610,543,3282,0,0,30
4073,612,618,538,3278,0,0,30
4074,617,607,538,3280,0,0,30
4075,613,613,539,3280,0,0,30
4076,617,612,539,3283,0,0,30
4077,618,607,536,3281,0,0,30
4078,616,603,540,3281,0,0,30
4079,614,610,541,3282,0,0,30
4080,615,622,541,3281,0,0,30
4081,618,616,540,3280,0,0,30
4082,613,612,538,3289,0,0,30
4083,616,609,541,3278,0,0,30
4084,613,613,537,3282,0,0,30
4085,616,615,537,3281,0,0,30
4086,615,611,541,3272,0,0,30
4087,621,614,540,3278,0,0,30
4088,616,606,541,3280,0,0,30
4089,614,611,540,3279,0,0,30
4090,618,612,540,3281,0,0,30
4091,603,603,543,3280,0,0,30
4092,620,609,533,3279,0,0,30
4093,617,603,539,3283,0,0,30
4094,618,609,534,3284,0,0,30
4095,617,610,541,3280,0,0,30
4096,617,609,538,3283,0,0,30
4097,614,610,541,3280,0,0,30
4098,615,612,540,3281,0,0,30
4099,615,607,538,3290,0,0,30
4100,622,609,543,3279,0,0,30
4101,616,613,539,3281,0,0,30
4102,614,611,540,3282,0,0,30
4103,614,612,539,3279,0,0,30
4104,616,608,538,3280,0,0,30
4105,607,614,542,3282,0,0,30
4106,612,613,546,3278,0,0,30
4107,611,619,540,3281,0,0,30
4108,613,612,538,3281,0,0,30
4109,613,609,536,3279,0,0,30
4110,614,603,545,3282,0,0,30
4111,614,607,546,3282,0,0,30
4112,615,615,540,3280,0,0,30
4113,607,609,544,3279,0,0,30
4114,614,616,539,3281,0,0,30
4115,610,614,540,3283,0,0,30
4116,609,609,543,3283,0,0,30
4117,621,602,546,3278,0,0,30
4118,611,611,536,3280,0,0,30
4119,614,612,541,3279,0,0,30
4120,613,611,542,3280,0,0,30
4121,611,616,540,3285,0,0,30
4122,611,612,531,3280,0,0,30
4123,614,614,539,3280,0,0,30
4124,618,609,543,3281,0,0,30
4125,616,613,539,3279,0,0,30
4126,617,611,540,3281,0,0,30
4127,613,604,538,3279,0,0,30
4128,613,608,537,3280,0,0,30
4129,614,614,536,3282,0,0,30
4130,618,611,538,3285,0,0,30
4131,617,608,540,3281,0,0,30
4132,613,612,538,3281,0,0,30
4133,618,609,541,3280,0,0,30
4134,611,608,542,3280,0,0,30
4135,614,609,538,3280,0,0,30
4136,615,612,541,3282,0,0,30
4137,609,608,540,3280,0,0,30
4138,616,607,539,3284,0,0,30
4139,615,614,538,3285,0,0,30
4140,617,613,536,3282,0,0,30
4141,613,612,540,3282,0,0,30
4142,613,622,540,3280,0,0,30
4143,618,612,540,3286,0,0,30
4144,620,612,542,3284,0,0,30
4145,616,612,540,3281,0,0,30
4146,615,606,536,3284,0,0,30
4147,612,617,538,3279,0,0,30
4148,619,606,539,3279,0,0,30
4149,613,606,543,3280,0,0,30
4150,621,609,540,3278,0,0,30
4151,622,608,540,3279,0,0,30
4152,619,612,543,3282,0,0,30
4153,616,610,546,3281,0,0,30
4154,612,614,541,3283,0,0,30
4155,618,611,536,3280,0,0,30
4156,614,611,540,3288,0,0,30
4157,617,608,543,3281,0,0,30
4158,613,608,539,3281,0,0,30
4159,620,597,540,3281,0,0,30
4160,614,611,538,3275,0,0,30
4161,609,611,538,3285,0,0,30
4162,614,604,541,3282,0,0,30
4163,618,611,538,3282,0,0,30
4164,616,619,541,3283,0,0,30
4165,626,608,538,3282,0,0,30
4166,620,613,539,3279,0,0,30
4167,618,610,542,3281,0,0,30
4168,613,609,539,3278,0,0,30
4169,618,612,536,3280,0,0,30
4170,620,610,543,3277,0,0,30
4171,614,614,541,3274,0,0,30
4172,627,612,539,3281,0,0,30
4173,617,614,543,3280,0,0,30
4174,621,613,541,3280,0,0,30
4175,623,613,538,3283,0,0,30
4176,621,613,543,3281,0,0,30
4177,615,609,540,3282,0,0,30
4178,613,612,540,3280,0,0,30
4179,621,605,542,3281,0,0,30
4180,614,610,539,3278,0,0,30
4181,608,611,539,3284,0,0,30
4182,611,606,540,3276,0,0,30
4183,611,616,540,3280,0,0,30
4184,619,620,540,3279,0,0,30
4185,615,607,541,3285,0,0,30
4186,615,612,540,3288,0,0,30
4187,623,613,541,3280,0,0,30
4188,617,609,539,3279,0,0,30
4189,614,617,541,3280,0,0,30
4190,614,606,541,3285,0,0,30
4191,616,609,538,3280,0,0,30
4192,618,610,538,3285,0,0,30
4193,622,611,539,3278,0,0,30
4194,614,608,537,3279,0,0,30
4195,616,616,541,3281,0,0,30
4196,617,612,539,3279,0,0,30
4197,624,611,537,3280,0,0,30
4198,619,614,540,3279,0,0,30
4199,610,611,538,3279,0,0,30
4200,622,615,539,3279,0,0,30
4201,617,615,539,3279,0,0,30
4202,614,613,539,3280,0,0,30
4203,622,610,542,3280,0,0,30
4204,616,611,543,3280,0,0,30
4205,613,608,537,3280,0,0,30
4206,615,599,540,3282,0,0,30
4207,616,614,538,3279,0,0,30
4208,616,609,539,3279,0,0,30
4209,616,611,541,3282,0,0,30
4210,618,612,540,3280,0,0,30
4211,623,613,541,3277,0,0,30
4212,608,610,540,3283,0,0,30
4213,615,611,541,3280,0,0,30
4214,614,610,539,3277,0,0,30
4215,618,601,540,3280,0,0,30
4216,617,616,540,3282,0,0,30
4217,616,612,535,3279,0,0,30
4218,615,605,538,3285,0,0,30
4219,627,608,536,3280,0,0,30
4220,614,605,537,3280,0,0,30
4221,616,614,540,3278,0,0,30
4222,607,609,540,3281,0,0,30
4223,615,608,538,3281,0,0,30
4224,612,611,538,3280,0,0,30
4225,616,606,536,3282,0,0,30
4226,614,613,539,3280,0,0,30
4227,615,612,540,3282,0,0,30
4228,621,614,533,3280,0,0,30
4229,615,610,538,3281,0,0,30
4230,614,615,542,3280,0,0,30
4231,607,607,541,3282,0,0,30
4232,615,599,538,3281,0,0,30
4233,617,604,541,3276,0,0,30
4234,619,613,541,3282,0,0,30
4235,619,616,543,3280,0,0,30
4236,615,611,541,3281,0,0,30
4237,621,608,541,3281,0,0,30
4238,617,604,539,3274,0,0,30
4239,617,613,541,3278,0,0,30
4240,615,612,542,3280,0,0,30
4241,621,614,541,3280,0,0,30
4242,616,613,540,3281,0,0,30
4243,616,603,539,3281,0,0,30
4244,623,612,537,3287,0,0,30
4245,611,604,537,3269,0,0,30
4246,616,609,538,3283,0,0,30
4247,615,609,543,3279,0,0,30
4248,614,605,539,3281,0,0,30
4249,616,608,538,3282,0,0,30
4250,619,610,536,3282,0,0,30
4251,616,610,539,3281,0,0,30
4252,616,607,539,3282,0,0,30
4253,622,604,542,3282,0,0,30
4254,616,609,538,3282,0,0,30
4255,614,614,537,3290,0,0,30
4256,622,606,538,3278,0,0,30
4257,614,614,541,3281,0,0,30
4258,622,609,542,3281,0,0,30
4259,615,622,541,3282,0,0,30
4260,612,615,535,3281,0,0,30
4261,612,613,538,3285,0,0,30
4262,608,620,541,3281,0,0,30
4263,611,613,541,3281,0,0,30
4264,617,611,547,3279,0,0,30
4265,618,613,537,3277,0,0,30
4266,619,613,541,3282,0,0,30
4267,618,614,538,3282,0,0,30
4268,614,612,540,3281,0,0,30
4269,613,615,539,3283,0,0,30
4270,615,614,540,3277,0,0,30
4271,613,627,540,3282,0,0,30
4272,616,610,542,3279,0,0,30
4273,617,608,539,3281,0,0,30
4274,617,612,540,3282,0,0,30
4275,615,612,539,3280,0,0,30
4276,614,605,535,3285,0,0,30
4277,618,601,543,3282,0,0,30
4278,612,602,537,3282,0,0,30
4279,612,613,540,3281,0,0,30
4280,616,613,538,3279,0,0,30
4281,610,611,541,3281,0,0,30
4282,619,610,539,3282,0,0,30
4283,619,614,538,3281,0,0,30
4284,613,615,537,3281,0,0,30
4285,612,613,539,3278,0,0,30
4286,615,614,538,3282,0,0,30
4287,614,608,534,3279,0,0,30
4288,622,615,540,3279,0,0,30
4289,614,616,546,3279,0,0,30
4290,616,612,538,3281,0,0,30
4291,621,621,540,3277,0,0,30
4292,614,611,538,3282,0,0,30
4293,615,612,536,3282,0,0,30
4294,613,612,540,3285,0,0,30
4295,613,611,537,3282,0,0,30
4296,612,606,542,3280,0,0,30
4297,616,607,539,3277,0,0,30
4298,616,624,542,3281,0,0,30
4299,616,610,541,3279,0,0,30
4300,609,614,540,3283,0,0,30
4301,619,608,539,3286,0,0,30
4302,617,604,535,3283,0,0,30
4303,616,611,538,3281,0,0,30
4304,615,609,534,3280,0,0,30
4305,618,611,543,3282,0,0,30
4306,619,610,539,3283,0,0,30
4307,617,615,541,3281,0,0,30
4308,618,608,540,3283,0,0,30
4309,615,614,539,3282,0,0,30
4310,600,611,542,3280,0,0,30
4311,614,608,541,3280,0,0,30
4312,613,606,539,3279,0,0,30
4313,619,597,536,3280,0,0,30
4314,616,613,542,3283,0,0,30
4315,612,606,539,3280,0,0,30
4316,614,612,540,3277,0,0,30
4317,609,610,540,3280,0,0,30
4318,610,609,541,3281,0,0,30
4319,613,604,540,3283,0,0,30
4320,614,608,538,3280,0,0,30
4321,609,611,537,3280,0,0,30
4322,614,610,539,3281,0,0,30
4323,615,610,544,3281,0,0,30
4324,617,610,541,3281,0,0,30
4325,618,616,543,3276,0,0,30
4326,612,610,541,3279,0,0,30
4327,622,613,541,3278,0,0,30
4328,614,610,539,3281,0,0,30
4329,610,595,543,3281,0,0,30
4330,616,613,540,3278,0,0,30
4331,612,609,538,3281,0,0,30
4332,622,611,545,3279,0,0,30
4333,613,610,540,3279,0,0,30
4334,612,616,538,3279,0,0,30
4335,614,612,538,3282,0,0,30
4336,617,607,541,3284,0,0,30
4337,614,614,542,3279,0,0,30
4338,613,613,543,3282,0,0,30
4339,615,613,544,3281,0,0,30
4340,616,608,539,3281,0,0,30
4341,618,616,541,3280,0,0,30
4342,613,611,538,3281,0,0,30
4343,617,611,540,3283,0,0,30
4344,616,612,538,3276,0,0,30
4345,610,613,543,3280,0,0,30
4346,614,609,539,3279,0,0,30
4347,615,617,538,3280,0,0,30
4348,616,614,539,3280,0,0,30
4349,615,616,541,3281,0,0,30
4350,615,606,540,3281,0,0,30
4351,618,608,541,3279,0,0,30
4352,619,610,537,3279,0,0,30
4353,614,613,535,3276,0,0,30
4354,616,611,538,3280,0,0,30
4355,616,611,542,3283,0,0,30
4356,611,613,537,3281,0,0,30
4357,613,625,540,3279,0,0,30
4358,614,613,539,3280,0,0,30
4359,602,604,540,3281,0,0,30
4360,612,611,541,3281,0,0,30
4361,614,617,543,3274,0,0,30
4362,616,611,538,3280,0,0,30
4363,612,609,538,3280,0,0,30
4364,613,612,538,3279,0,0,30
4365,616,605,538,3282,0,0,30
4366,614,612,538,3281,0,0,30
4367,622,610,541,3281,0,0,30
4368,613,615,540,3282,0,0,30
4369,613,611,543,3281,0,0,30
4370,612,611,537,3282,0,0,30
4371,612,594,538,3281,0,0,30
4372,606,611,543,3279,0,0,30
4373,618,611,540,3272,0,0,30
4374,620,610,539,3280,0,0,30
4375,619,612,541,3277,0,0,30
4376,616,614,539,3279,0,0,30
4377,620,610,539,3283,0,0,30
4378,614,610,541,3282,0,0,30
4379,617,615,541,3280,0,0,30
4380,616,611,541,3280,0,0,30
4381,600,629,543,3280,0,0,30
4382,615,611,546,3286,0,0,30
4383,618,605,540,3280,0,0,30
4384,615,614,535,3283,0,0,30
4385,617,601,542,3282,0,0,30
4386,612,612,540,3279,0,0,30
4387,617,610,533,3281,0,0,30
4388,616,611,540,3280,0,0,30
4389,616,612,542,3279,0,0,30
4390,614,609,541,3278,0,0,30
4391,612,619,539,3282,0,0,30
4392,616,598,539,3281,0,0,30
4393,614,608,540,3280,0,0,30
4394,616,609,541,3281,0,0,30
4395,611,611,541,3280,0,0,30
4396,609,612,541,3279,0,0,30
4397,613,608,542,3281,0,0,30
4398,614,608,540,3275,0,0,30
4399,618,611,538,3280,0,0,30
4400,610,614,540,3282,0,0,30
4401,617,614,538,3280,0,0,30
4402,614,609,541,3282,0,0,30
4403,625,612,541,3281,0,0,30
4404,615,606,539,3280,0,0,30
4405,617,613,539,3283,0,0,30
4406,616,611,539,3280,0,0,30
4407,618,601,533,3280,0,0,30
4408,624,612,539,3281,0,0,30
4409,617,610,539,3279,0,0,30
4410,617,609,541,3279,0,0,30
4411,615,609,541,3283,0,0,30
4412,613,616,541,3283,0,0,30
4413,612,609,538,3281,0,0,30
4414,614,605,541,3281,0,0,30
4415,618,609,547,3280,0,0,30
4416,614,609,542,3282,0,0,30
4417,623,611,538,3284,0,0,30
4418,615,611,537,3281,0,0,30
4419,612,620,538,3281,0,0,30
4420,619,612,540,3282,0,0,30
4421,615,618,547,3281,0,0,30
4422,616,613,538,3279,0,0,30
4423,618,610,540,3284,0,0,30
4424,612,608,536,3280,0,0,30
4425,613,612,533,3281,0,0,30
4426,613,617,537,3279,0,0,30
4427,614,614,540,3273,0,0,30
4428,610,613,538,3279,0,0,30
4429,620,610,537,3279,0,0,30
4430,618,613,541,3280,0,0,30
4431,616,608,533,3282,0,0,30
4432,618,607,540,3280,0,0,30
4433,609,609,545,3280,0,0,30
4434,615,611,543,3280,0,0,30
4435,624,616,541,3282,0,0,30
4436,617,612,540,3279,0,0,30
4437,614,610,540,3280,0,0,30
4438,619,597,539,3278,0,0,30
4439,614,611,537,3281,0,0,30
4440,615,606,539,3278,0,0,30
4441,611,613,544,3279,0,0,30
4442,617,621,526,3281,0,0,30
4443,618,609,538,3281,0,0,30
4444,614,615,539,3275,0,0,30
4445,613,607,539,3280,0,0,30
4446,613,614,536,3280,0,0,30
4447,618,611,542,3274,0,0,30
4448,616,619,541,3277,0,0,30
4449,619,613,539,3280,0,0,30
4450,617,615,547,3284,0,0,30
4451,617,611,541,3278,0,0,30
4452,607,610,540,3274,0,0,30
4453,618,611,544,3284,0,0,30
4454,610,610,541,3278,0,0,30
4455,618,608,539,3280,0,0,30
4456,618,609,540,3279,0,0,30
4457,616,608,542,3281,0,0,30
4458,618,610,540,3279,0,0,30
4459,615,607,536,3281,0,0,30
4460,615,613,539,3276,0,0,30
4461,618,613,539,3281,0,0,30
4462,608,613,539,3282,0,0,30
4463,617,610,539,3280,0,0,30
4464,617,605,539,3279,0,0,30
4465,616,616,539,3278,0,0,30
4466,617,609,538,3279,0,0,30
4467,618,611,537,3281,0,0,30
4468,614,614,542,3284,0,0,30
4469,613,612,534,3280,0,0,30
4470,619,615,544,3284,0,0,30
4471,614,613,538,3283,0,0,30
4472,613,613,541,3281,0,0,30
4473,615,608,541,3280,0,0,30
4474,613,604,543,3281,0,0,30
4475,614,609,539,3275,0,0,30
4476,614,615,538,3279,0,0,30
4477,616,613,539,3284,0,0,30
4478,618,603,540,3278,0,0,30
4479,615,605,538,3282,0,0,30
4480,619,613,538,3284,0,0,30
4481,626,611,535,3282,0,0,30
4482,614,612,538,3280,0,0,30
4483,624,611,539,3283,0,0,30
4484,615,603,540,3277,0,0,30
4485,616,613,538,3280,0,0,30
4486,616,609,539,3281,0,0,30
4487,617,613,539,3280,0,0,30
4488,616,611,532,3278,0,0,30
4489,614,611,543,3283,0,0,30
4490,615,612,545,3281,0,0,30
4491,616,613,533,3281,0,0,30
4492,616,619,537,3279,0,0,30
4493,616,614,542,3284,0,0,30
4494,612,614,539,3281,0,0,30
4495,623,608,538,3280,0,0,30
4496,618,612,538,3283,0,0,30
4497,615,610,541,3279,0,0,30
4498,616,612,540,3281,0,0,30
4499,615,608,540,3280,0,0,30
4500,618,620,537,3277,0,0,30
4501,609,614,538,3282,0,0,30
4502,614,610,539,3279,0,0,30
4503,613,613,543,3281,0,0,30
4504,610,607,540,3277,0,0,30
4505,622,605,531,3279,0,0,30
4506,614,612,539,3280,0,0,30
4507,619,609,541,3279,0,0,30
4508,615,610,537,3281,0,0,30
4509,612,616,540,3281,0,0,30
4510,613,607,538,3282,0,0,30
4511,610,615,541,3280,0,0,30
4512,615,614,539,3278,0,0,30
4513,620,610,538,3281,0,0,30
4514,615,608,538,3280,0,0,30
4515,620,611,540,3280,0,0,30
4516,611,621,539,3280,0,0,30
4517,613,611,543,3280,0,0,30
4518,611,611,539,3280,0,0,30
4519,615,614,540,3280,0,0,30
4520,622,617,540,3278,0,0,30
4521,616,611,541,3279,0,0,30
4522,619,611,541,3281,0,0,30
4523,615,610,537,3279,0,0,30
4524,613,614,543,3279,0,0,30
4525,618,600,536,3281,0,0,30
4526,612,610,539,3280,0,0,30
4527,611,617,540,3276,0,0,30
4528,616,604,534,3280,0,0,30
4529,615,611,543,3278,0,0,30
4530,613,612,542,3280,0,0,30
4531,616,619,540,3279,0,0,30
4532,613,615,541,3279,0,0,30
4533,610,620,541,3280,0,0,30
4534,613,612,544,3281,0,0,30
4535,615,610,542,3278,0,0,30
4536,605,613,543,3281,0,0,30
4537,617,613,540,3280,0,0,30
4538,618,610,538,3280,0,0,30
4539,616,610,541,3281,0,0,30
4540,616,609,539,3280,0,0,30
4541,613,611,540,3280,0,0,30
4542,617,615,540,3281,0,0,30
4543,611,612,539,3279,0,0,30
4544,615,609,538,3278,0,0,30
4545,606,609,538,3282,0,0,30
4546,615,613,542,3279,0,0,30
4547,615,610,537,3281,0,0,30
4548,616,610,535,3279,0,0,30
4549,621,614,539,3280,0,0,30
4550,612,609,535,3278,0,0,30
4551,616,609,541,3277,0,0,30
4552,613,610,540,3281,0,0,30
4553,617,620,542,3280,0,0,30
4554,612,611,537,3275,0,0,30
4555,617,608,539,3280,0,0,30
4556,619,609,540,3281,0,0,30
4557,615,608,536,3280,0,0,30
4558,619,605,539,3283,0,0,30
4559,616,622,533,3280,0,0,30
4560,614,612,537,3280,0,0,30
4561,616,610,540,3282,0,0,30
4562,617,611,540,3280,0,0,30
4563,617,618,542,3284,0,0,30
4564,615,608,538,3280,0,0,30
4565,613,620,542,3280,0,0,30
4566,612,612,537,3282,0,0,30
4567,615,609,541,3282,0,0,30
4568,612,608,537,3278,0,0,30
4569,612,612,540,3277,0,0,30
4570,616,611,537,3278,0,0,30
4571,612,609,539,3284,0,0,30
4572,614,616,546,3284,0,0,30
4573,604,609,540,3284,0,0,30
4574,622,610,538,3283,0,0,30
4575,618,610,539,3278,0,0,30
4576,618,609,542,3280,0,0,30
4577,613,616,539,3282,0,0,30
4578,619,611,536,3280,0,0,30
4579,619,612,538,3283,0,0,30
4580,620,614,539,3278,0,0,30
4581,612,615,540,3275,0,0,30
4582,615,611,540,3281,0,0,30
4583,614,610,540,3280,0,0,30
4584,620,610,540,3274,0,0,30
4585,612,617,535,3283,0,0,30
4586,614,615,541,3281,0,0,30
4587,615,608,536,3281,0,0,30
4588,616,609,538,3280,0,0,30
4589,619,597,538,3282,0,0,30
4590,614,612,539,3279,0,0,30
4591,613,610,541,3280,0,0,30
4592,614,614,538,3275,0,0,30
4593,611,615,538,3281,0,0,30
4594,614,611,541,3283,0,0,30
4595,613,616,539,3285,0,0,30
4596,617,611,542,3283,0,0,30
4597,615,604,542,3282,0,0,30
4598,617,612,541,3275,0,0,30
4599,615,612,538,3280,0,0,30
4600,613,608,542,3280,0,0,30
4601,615,616,538,3278,0,0,30
4602,616,609,539,3280,0,0,30
4603,615,620,541,3280,0,0,30
4604,613,610,543,3281,0,0,30
4605,620,612,540,3281,0,0,30
4606,614,617,541,3280,0,0,30
4607,616,608,537,3279,0,0,30
4608,617,611,539,3280,0,0,30
4609,616,608,538,3279,0,0,30
4610,614,612,538,3280,0,0,30
4611,614,608,536,3284,0,0,30
4612,618,604,535,3280,0,0,30
4613,613,612,541,3281,0,0,30
4614,613,613,535,3278,0,0,30
4615,616,616,539,3281,0,0,30
4616,615,612,537,3280,0,0,30
4617,612,607,538,3279,0,0,30
4618,612,608,538,3277,0,0,30
4619,615,605,538,3279,0,0,30
4620,619,612,536,3280,0,0,30
4621,616,608,538,3281,0,0,30
4622,616,611,546,3279,0,0,30
4623,620,607,539,3281,0,0,30
4624,614,597,540,3278,0,0,30
4625,618,612,539,3281,0,0,30
4626,601,610,535,3282,0,0,30
4627,617,619,541,3276,0,0,30
4628,614,599,537,3282,0,0,30
4629,612,614,538,3282,0,0,30
4630,617,611,538,3277,0,0,30
4631,613,611,540,3281,0,0,30
4632,609,611,537,3280,0,0,30
4633,609,616,538,3280,0,0,30
4634,613,612,543,3272,0,0,30
4635,613,611,538,3281,0,0,30
4636,621,614,537,3282,0,0,30
4637,621,622,538,3281,0,0,30
4638,596,614,539,3278,0,0,30
4639,614,615,541,3280,0,0,30
4640,614,611,533,3280,0,0,30
4641,613,612,541,3281,0,0,30
4642,619,611,539,3282,0,0,30
4643,617,615,539,3281,0,0,30
4644,614,606,546,3279,0,0,30
4645,616,615,542,3283,0,0,30
4646,619,609,545,3279,0,0,30
4647,608,609,540,3281,0,0,30
4648,614,611,540,3281,0,0,30
4649,610,610,537,3281,0,0,30
4650,618,612,543,3281,0,0,30
4651,614,609,542,3279,0,0,30
4652,617,614,543,3279,0,0,30
4653,616,613,540,3277,0,0,30
4654,616,612,540,3282,0,0,30
4655,616,606,539,3280,0,0,30
4656,620,613,540,3281,0,0,30
4657,618,612,537,3277,0,0,30
4658,614,610,537,3279,0,0,30
4659,614,613,533,3279,0,0,30
4660,616,612,536,3277,0,0,30
4661,618,608,540,3283,0,0,30
4662,619,611,541,3282,0,0,30
4663,620,614,535,3284,0,0,30
4664,618,605,537,3281,0,0,30
4665,624,599,538,3283,0,0,30
4666,614,614,543,3281,0,0,30
4667,616,608,543,3279,0,0,30
4668,615,612,537,3278,0,0,30
4669,618,611,539,3278,0,0,30
4670,614,611,537,3281,0,0,30
4671,613,610,542,3281,0,0,30
4672,617,607,539,3282,0,0,30
4673,618,602,542,3281,0,0,30
4674,615,607,537,3283,0,0,30
4675,613,613,543,3279,0,0,30
4676,611,614,544,3280,0,0,30
4677,613,609,540,3281,0,0,30
4678,619,610,541,3278,0,0,30
4679,617,611,540,3280,0,0,30
4680,614,615,540,3281,0,0,30
4681,617,613,539,3279,0,0,30
4682,612,615,540,3283,0,0,30
4683,615,606,539,3280,0,0,30
4684,618,609,540,3282,0,0,30
4685,611,613,542,3284,0,0,30
4686,621,611,541,3280,0,0,30
4687,619,609,545,3280,0,0,30
4688,610,603,543,3283,0,0,30
4689,617,611,541,3271,0,0,30
4690,616,612,538,3288,0,0,30
4691,613,616,540,3278,0,0,30
4692,615,610,540,3280,0,0,30
4693,617,616,539,3283,0,0,30
4694,615,616,539,3283,0,0,30
4695,615,601,539,3281,0,0,30
4696,617,614,541,3282,0,0,30
4697,616,613,538,3278,0,0,30
4698,617,608,539,3281,0,0,30
4699,613,609,540,3278,0,0,30
4700,615,621,541,3283,0,0,30
4701,615,611,541,3280,0,0,30
4702,622,609,541,3279,0,0,30
4703,609,612,537,3281,0,0,30
4704,617,608,541,3278,0,0,30
4705,617,613,538,3283,0,0,30
4706,610,605,541,3277,0,0,30
4707,615,611,539,3279,0,0,30
4708,614,612,541,3277,0,0,30
4709,612,613,538,3279,0,0,30
4710,601,613,541,3282,0,0,30
4711,615,608,539,3280,0,0,30
4712,612,626,539,3279,0,0,30
4713,615,611,537,3280,0,0,30
4714,612,609,540,3279,0,0,30
4715,616,612,539,3283,0,0,30
4716,619,610,539,3278,0,0,30
4717,612,612,541,3281,0,0,30
4718,610,613,541,3278,0,0,30
4719,618,608,547,3279,0,0,30
4720,617,611,541,3280,0,0,30
4721,617,613,539,3282,0,0,30
4722,614,611,543,3280,0,0,30
4723,615,610,543,3281,0,0,30
4724,610,614,542,3280,0,0,30
4725,615,612,537,3281,0,0,30
4726,617,611,539,3282,0,0,30
4727,613,611,541,3279,0,0,30
4728,613,610,539,3280,0,0,30
4729,624,611,543,3279,0,0,30
4730,618,611,538,3282,0,0,30
4731,615,605,541,3277,0,0,30
4732,616,610,544,3280,0,0,30
4733,615,612,541,3278,0,0,30
4734,618,606,540,3281,0,0,30
4735,617,615,538,3277,0,0,30
4736,609,602,541,3280,0,0,30
4737,614,609,543,3283,0,0,30
4738,615,608,541,3277,0,0,30
4739,615,613,541,3280,0,0,30
4740,616,612,538,3280,0,0,30
4741,613,632,543,3283,0,0,30
4742,616,610,533,3278,0,0,30
4743,616,602,543,3277,0,0,30
4744,622,608,540,3275,0,0,30
4745,618,615,546,3286,0,0,30
4746,614,609,541,3282,0,0,30
4747,618,612,542,3284,0,0,30
4748,613,613,538,3280,0,0,30
4749,613,604,541,3283,0,0,30
4750,617,611,541,3280,0,0,30
4751,616,615,534,3281,0,0,30
4752,616,610,538,3278,0,0,30
4753,612,615,542,3282,0,0,30
4754,613,608,538,3282,0,0,30
4755,621,607,543,3278,0,0,30
4756,613,614,540,3279,0,0,30
4757,617,614,539,3274,0,0,30
4758,612,609,540,3279,0,0,30
4759,616,610,536,3280,0,0,30
4760,608,611,539,3281,0,0,30
4761,620,608,543,3278,0,0,30
4762,614,608,539,3283,0,0,30
4763,617,610,533,3281,0,0,30
4764,617,612,540,3282,0,0,30
4765,612,618,540,3291,0,0,30
4766,615,604,536,3281,0,0,30
4767,615,614,541,3279,0,0,30
4768,616,614,541,3281,0,0,30
4769,614,609,542,3279,0,0,30
4770,619,610,540,3280,0,0,30
4771,616,609,540,3285,0,0,30
4772,608,600,542,3273,0,0,30
4773,608,610,539,3279,0,0,30
4774,624,610,540,3281,0,0,30
4775,613,609,543,3283,0,0,30
4776,615,608,539,3281,0,0,30
4777,616,611,538,3279,0,0,30
4778,613,607,541,3281,0,0,30
4779,614,615,542,3280,0,0,30
4780,623,617,537,3276,0,0,30
4781,617,607,539,3280,0,0,30
4782,615,613,540,3279,0,0,30
4783,615,612,539,3274,0,0,30
4784,615,613,542,3280,0,0,30
4785,616,609,539,3283,0,0,30
4786,610,611,535,3280,0,0,30
4787,615,611,538,3282,0,0,30
4788,612,610,536,3281,0,0,30
4789,615,610,539,3282,0,0,30
4790,615,610,543,3279,0,0,30
4791,622,608,539,3276,0,0,30
4792,614,628,537,3283,0,0,30
4793,618,617,539,3279,0,0,30
4794,624,614,541,3282,0,0,30
4795,616,613,540,3282,0,0,30
4796,612,616,539,3281,0,0,30
4797,618,608,539,3278,0,0,30
4798,615,609,537,3281,0,0,30
4799,612,609,537,3281,0,0,30
4800,612,613,538,3279,0,0,30
4801,619,611,538,3275,0,0,30
4802,613,617,539,3282,0,0,30
4803,616,609,538,3278,0,0,30
4804,619,608,541,3282,0,0,30
4805,612,601,536,3279,0,0,30
4806,616,617,544,3281,0,0,30
4807,617,611,540,3278,0,0,30
4808,615,604,541,3282,0,0,30
4809,616,613,538,3282,0,0,30
4810,619,603,538,3281,0,0,30
4811,612,611,538,3278,0,0,30
4812,619,618,543,3281,0,0,30
4813,615,612,536,3280,0,0,30
4814,596,612,540,3277,0,0,30
4815,614,612,540,3279,0,0,30
4816,614,612,536,3281,0,0,30
4817,615,613,540,3281,0,0,30
4818,617,614,538,3281,0,0,30
4819,618,610,541,3285,0,0,30
4820,606,610,535,3281,0,0,30
4821,615,606,538,3283,0,0,30
4822,619,610,540,3281,0,0,30
4823,610,607,540,3283,0,0,30
4824,615,615,539,3279,0,0,30
4825,617,612,541,3280,0,0,30
4826,615,612,540,3281,0,0,30
4827,617,612,543,3279,0,0,30
4828,616,610,543,3283,0,0,30
4829,619,611,540,3280,0,0,30
4830,612,613,540,3275,0,0,30
4831,619,600,539,3285,0,0,30
4832,615,607,538,3280,0,0,30
4833,614,613,539,3278,0,0,30
4834,612,608,539,3278,0,0,30
4835,617,600,542,3278,0,0,30
4836,615,612,541,3280,0,0,30
4837,613,614,537,3285,0,0,30
4838,614,611,539,3280,0,0,30
4839,617,609,536,3280,0,0,30
4840,613,612,543,3279,0,0,30
4841,612,615,544,3279,0,0,30
4842,615,608,536,3281,0,0,30
4843,613,609,542,3282,0,0,30
4844,613,613,538,3280,0,0,30
4845,621,609,540,3280,0,0,30
4846,617,605,538,3286,0,0,30
4847,618,614,541,3279,0,0,30
4848,614,607,540,3279,0,0,30
4849,609,611,540,3280,0,0,30
4850,609,610,539,3282,0,0,30
4851,618,617,538,3280,0,0,30
4852,617,609,540,3279,0,0,30
4853,617,613,538,3274,0,0,30
4854,615,606,537,3278,0,0,30
4855,614,615,539,3286,0,0,30
4856,614,606,542,3282,0,0,30
4857,609,611,539,3281,0,0,30
4858,616,608,536,3281,0,0,30
4859,618,618,539,3270,0,0,30
4860,614,612,535,3281,0,0,30
4861,617,605,539,3277,0,0,30
4862,617,610,542,3281,0,0,30
4863,610,610,537,3283,0,0,30
4864,614,612,534,3280,0,0,30
4865,609,614,538,3284,0,0,30
4866,606,612,539,3284,0,0,30
4867,617,619,540,3284,0,0,30
4868,614,609,535,3281,0,0,30
4869,616,611,539,3279,0,0,30
4870,607,613,539,3281,0,0,30
4871,611,609,539,3279,0,0,30
4872,616,609,536,3279,0,0,30
4873,615,609,539,3281,0,0,30
4874,617,612,531,3280,0,0,30
4875,613,612,539,3281,0,0,30
4876,619,623,542,3279,0,0,30
4877,618,608,531,3286,0,0,30
4878,622,610,537,3272,0,0,30
4879,623,615,540,3281,0,0,30
4880,614,615,537,3278,0,0,30
4881,611,611,538,3282,0,0,30
4882,616,610,539,3283,0,0,30
4883,618,609,536,3287,0,0,30
4884,622,611,537,3282,0,0,30
4885,609,621,542,3282,0,0,30
4886,619,603,541,3277,0,0,30
4887,618,612,542,3286,0,0,30
4888,609,610,538,3281,0,0,30
4889,613,613,538,3281,0,0,30
4890,613,610,539,3288,0,0,30
4891,610,610,538,3278,0,0,30
4892,613,611,539,3282,0,0,30
4893,623,609,540,3282,0,0,30
4894,617,610,541,3282,0,0,30
4895,617,610,539,3280,0,0,30
4896,614,606,539,3281,0,0,30
4897,617,614,539,3281,0,0,30
4898,605,616,538,3281,0,0,30
4899,613,616,536,3278,0,0,30
4900,619,607,538,3280,0,0,30
4901,619,610,539,3281,0,0,30
4902,611,611,539,3280,0,0,30
4903,614,601,540,3280,0,0,30
4904,612,607,538,3279,0,0,30
4905,615,608,542,3279,0,0,30
4906,613,624,538,3279,0,0,30
4907,612,618,541,3285,0,0,30
4908,618,613,539,3280,0,0,30
4909,619,614,540,3279,0,0,30
4910,617,614,539,3280,0,0,30
4911,614,616,539,3278,0,0,30
4912,608,613,537,3281,0,0,30
4913,615,612,540,3277,0,0,30
4914,612,607,540,3279,0,0,30
4915,615,604,539,3282,0,0,30
4916,615,616,536,3281,0,0,30
4917,613,613,534,3277,0,0,30
4918,618,606,532,3278,0,0,30
4919,609,607,534,3280,0,0,30
4920,615,612,540,3281,0,0,30
4921,608,611,540,3282,0,0,30
4922,608,615,535,3279,0,0,30
4923,616,608,541,3279,0,0,30
4924,614,612,538,3278,0,0,30
4925,617,624,536,3281,0,0,30
4926,616,614,538,3273,0,0,30
4927,624,611,540,3277,0,0,30
4928,613,610,537,3278,0,0,30
4929,620,608,539,3279,0,0,30
4930,616,611,535,3279,0,0,30
4931,617,613,545,3280,0,0,30
4932,609,613,539,3280,0,0,30
4933,616,618,538,3276,0,0,30
4934,623,615,542,3278,0,0,30
4935,606,608,537,3281,0,0,30
4936,613,612,537,3281,0,0,30
4937,619,609,538,3280,0,0,30
4938,618,612,541,3276,0,0,30
4939,620,609,542,3283,0,0,30
4940,615,604,541,3280,0,0,30
4941,613,612,536,3280,0,0,30
4942,624,612,538,3280,0,0,30
4943,625,611,541,3278,0,0,30
4944,615,611,539,3281,0,0,30
4945,616,607,540,3278,0,0,30
4946,614,609,539,3280,0,0,30
4947,619,611,536,3280,0,0,30
4948,614,610,543,3280,0,0,30
4949,615,610,532,3280,0,0,30
4950,614,607,544,3283,0,0,30
4951,617,610,539,3281,0,0,30
4952,615,613,538,3280,0,0,30
4953,614,609,540,3280,0,0,30
4954,618,616,542,3280,0,0,30
4955,617,613,541,3280,0,0,30
4956,617,612,542,3280,0,0,30
4957,617,609,538,3280,0,0,30
4958,617,615,539,3283,0,0,30
4959,613,612,538,3278,0,0,30
4960,616,612,544,3283,0,0,30
4961,612,609,541,3280,0,0,30
4962,614,611,539,3280,0,0,30
4963,619,611,539,3283,0,0,30
4964,618,611,540,3283,0,0,30
4965,615,612,541,3280,0,0,30
4966,617,609,540,3280,0,0,30
4967,614,612,541,3280,0,0,30
4968,621,600,545,3281,0,0,30
4969,617,610,542,3286,0,0,30
4970,624,610,540,3281,0,0,30
4971,616,609,540,3284,0,0,30
4972,608,614,539,3280,0,0,30
4973,615,613,538,3280,0,0,30
4974,614,610,540,3278,0,0,30
4975,616,610,542,3288,0,0,30
4976,615,611,538,3283,0,0,30
4977,616,610,537,3280,0,0,30
4978,615,611,540,3281,0,0,30
4979,614,609,540,3282,0,0,30
4980,612,604,539,3279,0,0,30
4981,612,609,540,3283,0,0,30
4982,612,613,540,3276,0,0,30
4983,620,614,540,3283,0,0,30
4984,616,610,540,3282,0,0,30
4985,604,610,538,3280,0,0,30
4986,609,614,538,3284,0,0,30
4987,611,612,539,3280,0,0,30
4988,610,612,539,3283,0,0,30
4989,612,608,538,3273,0,0,30
4990,615,609,541,3276,0,0,30
4991,615,611,537,3282,0,0,30
4992,617,608,539,3280,0,0,30
4993,617,617,541,3281,0,0,30
4994,616,613,539,3282,0,0,30
4995,614,606,539,3286,0,0,30
4996,610,610,537,3279,0,0,30
4997,613,612,539,3281,0,0,30
4998,615,610,542,3280,0,0,30
4999,617,606,538,3279,0,0,30
5000,599,612,540,3280,1,0,30
5001,617,617,541,3279,1,0,30
5002,616,614,537,3282,1,0,30
5003,615,598,538,3279,1,0,30
5004,612,612,542,3282,1,0,30
5005,614,610,539,3288,1,0,30
5006,609,610,538,3282,1,0,30
5007,615,615,539,3277,1,0,30
5008,615,599,540,3280,1,0,30
5009,611,610,539,3281,1,0,30
5010,611,612,539,3285,1,0,30
5011,613,609,539,3282,1,0,30
5012,611,610,538,3281,1,0,30
5013,611,610,538,3281,1,0,30
5014,617,618,542,3281,1,0,30
5015,622,614,540,3280,0,0,30
5016,619,609,538,3280,0,0,30
5017,613,615,540,3281,0,0,30
5018,613,612,540,3280,0,0,30
5019,616,611,538,3285,0,0,30
5020,609,608,539,3283,0,0,30
5021,618,615,538,3279,0,0,30
5022,614,605,540,3281,0,0,30
5023,614,609,540,3282,0,0,30
5024,616,613,538,3279,0,0,30
5025,613,599,539,3280,0,0,30
5026,616,614,540,3279,0,0,30
5027,619,607,541,3279,0,0,30
5028,614,613,537,3277,0,0,30
5029,605,611,539,3280,0,0,30
5030,615,609,539,3280,0,0,30
5031,616,616,538,3280,0,0,30
5032,613,611,539,3279,0,0,30
5033,624,613,541,3280,0,0,30
5034,616,613,539,3283,0,0,30
5035,619,613,538,3279,0,0,30
5036,608,617,545,3279,0,0,30
5037,624,609,539,3279,0,0,30
5038,610,610,537,3279,0,0,30
5039,621,612,541,3278,0,0,30
5040,615,612,538,3285,0,0,30
5041,616,612,540,3279,0,0,30
5042,613,614,542,3281,0,0,30
5043,614,611,540,3283,0,0,30
5044,613,612,541,3278,0,0,30
5045,613,612,539,3278,0,0,30
5046,606,613,541,3281,0,0,30
5047,619,610,538,3276,0,0,30
5048,615,607,538,3279,0,0,30
5049,617,609,540,3280,0,0,30
5050,619,614,538,3281,1,0,30
5051,621,611,542,3279,1,0,30
5052,614,608,542,3279,1,0,30
5053,612,609,540,3281,1,0,30
5054,613,612,540,3281,1,0,30
5055,618,612,539,3280,1,0,30
5056,616,612,542,3280,1,0,30
5057,613,609,537,3282,1,0,30
5058,605,611,535,3281,1,0,30
5059,617,609,540,3279,1,0,30
5060,617,612,538,3280,1,0,30
5061,608,596,541,3277,1,0,30
5062,614,610,537,3286,1,0,30
5063,615,609,538,3279,1,0,30
5064,612,612,539,3283,1,0,30
5065,617,612,541,3279,0,0,30
5066,619,609,540,3284,0,0,30
5067,622,612,541,3282,0,0,30
5068,618,611,537,3278,0,0,30
5069,614,606,532,3283,0,0,30
5070,615,613,537,3286,0,0,30
5071,616,611,537,3281,0,0,30
5072,615,603,542,3278,0,0,30
5073,620,607,543,3280,0,0,30
5074,615,610,536,3279,0,0,30
5075,629,614,537,3279,0,0,30
5076,619,614,538,3279,0,0,30
5077,610,608,540,3281,0,0,30
5078,618,613,539,3280,0,0,30
5079,608,616,540,3279,0,0,30
5080,612,610,539,3278,0,0,30
5081,626,615,542,3282,0,0,30
5082,617,611,539,3286,0,0,30
5083,613,609,541,3281,0,0,30
5084,617,612,541,3280,0,0,30
5085,606,613,538,3280,0,0,30
5086,614,611,538,3280,0,0,30
5087,618,611,537,3279,0,0,30
5088,614,612,539,3268,0,0,30
5089,615,613,539,3280,0,0,30
5090,615,615,533,3280,0,0,30
5091,616,614,539,3280,0,0,30
5092,620,613,536,3275,0,0,30
5093,616,613,546,3282,0,0,30
5094,611,612,538,3279,0,0,30
5095,614,614,542,3279,0,0,30
5096,615,612,537,3279,0,0,30
5097,616,613,544,3278,0,0,30
5098,613,604,539,3280,0,0,30
5099,621,614,538,3278,0,0,30
5100,616,610,540,3280,1,0,30
5101,621,621,537,3280,1,0,30
5102,609,610,542,3280,1,0,30
5103,617,612,538,3280,1,0,30
5104,621,611,539,3280,1,0,30
5105,617,610,540,3281,1,0,30
5106,620,612,539,3279,1,0,30
5107,616,614,540,3280,1,0,30
5108,618,611,540,3280,1,0,30
5109,619,610,541,3280,1,0,30
5110,613,612,536,3281,1,0,30
5111,621,604,538,3279,1,0,30
5112,613,610,538,3279,1,0,30
5113,621,610,538,3279,1,0,30
5114,611,616,537,3281,1,0,30
5115,616,606,539,3278,0,0,30
5116,614,614,539,3281,0,0,30
5117,616,613,539,3279,0,0,30
5118,612,611,540,3276,0,0,30
5119,616,614,539,3280,0,0,30
5120,616,609,544,3281,0,0,30
5121,617,612,539,3281,0,0,30
5122,617,613,540,3287,0,0,30
5123,616,617,544,3279,0,0,30
5124,618,613,537,3280,0,0,30
5125,618,613,542,3280,0,0,30
5126,622,614,538,3279,0,0,30
5127,619,614,536,3278,0,0,30
5128,612,610,539,3284,0,0,30
5129,611,618,539,3278,0,0,30
5130,617,602,538,3281,0,0,30
5131,620,617,539,3282,0,0,30
5132,617,599,539,3281,0,0,30
5133,613,614,535,3281,0,0,30
5134,619,614,540,3280,0,0,30
5135,615,627,538,3283,0,0,30
5136,613,618,542,3279,0,0,30
5137,624,611,539,3288,0,0,30
5138,614,614,539,3280,0,0,30
5139,615,611,540,3282,0,0,30
5140,612,610,537,3282,0,0,30
5141,617,611,539,3279,0,0,30
5142,619,615,546,3281,0,0,30
5143,617,614,537,3280,0,0,30
5144,614,612,537,3282,0,0,30
5145,614,615,538,3276,0,0,30
5146,614,612,536,3283,0,0,30
5147,618,611,540,3271,0,0,30
5148,619,622,539,3282,0,0,30
5149,616,609,537,3280,0,0,30
5150,618,608,538,3280,1,0,30
5151,614,611,546,3281,1,0,30
5152,610,615,540,3281,1,0,30
5153,612,610,541,3281,1,0,30
5154,611,608,540,3279,1,0,30
5155,611,607,540,3274,1,0,30
5156,611,611,540,3283,1,0,30
5157,613,596,540,3282,1,0,30
5158,617,610,538,3274,1,0,30
5159,613,614,537,3278,1,0,30
5160,614,612,538,3283,1,0,30
5161,609,612,541,3281,1,0,30
5162,618,609,539,3281,1,0,30
5163,614,611,543,3280,1,0,30
5164,617,614,541,3281,1,0,30
5165,613,608,539,3279,0,0,30
5166,616,612,540,3279,0,0,30
5167,618,610,543,3282,0,0,30
5168,618,610,539,3280,0,0,30
5169,613,602,539,3282,0,0,30
5170,612,612,541,3279,0,0,30
5171,619,617,538,3276,0,0,30
5172,618,621,540,3282,0,0,30
5173,614,610,539,3280,0,0,30
5174,616,614,540,3282,0,0,30
5175,615,611,539,3281,0,0,30
5176,610,631,544,3282,0,0,30
5177,616,607,540,3288,0,0,30
5178,617,617,543,3282,0,0,30
5179,618,606,538,3278,0,0,30
5180,617,611,538,3278,0,0,30
5181,617,609,540,3280,0,0,30
5182,617,614,540,3279,0,0,30
5183,625,617,541,3281,0,0,30
5184,616,610,539,3279,0,0,30
5185,615,611,529,3279,0,0,30
5186,621,609,538,3278,0,0,30
5187,619,620,540,3279,0,0,30
5188,624,611,538,3282,0,0,30
5189,617,613,537,3282,0,0,30
5190,619,616,531,3282,0,0,30
5191,611,611,537,3280,0,0,30
5192,615,611,539,3280,0,0,30
5193,617,610,539,3274,0,0,30
5194,623,611,535,3280,0,0,30
5195,618,615,547,3281,0,0,30
5196,619,605,540,3280,0,0,30
5197,608,615,537,3282,0,0,30
5198,616,608,538,3282,0,0,30
5199,610,612,542,3282,0,0,30
5200,614,607,543,3286,1,0,30
5201,616,609,542,3277,1,0,30
5202,616,612,542,3281,1,0,30
5203,614,613,540,3280,1,0,30
5204,613,612,540,3278,1,0,30
5205,612,612,540,3281,1,0,30
5206,618,611,539,3279,1,0,30
5207,617,615,540,3280,1,0,30
5208,611,607,540,3282,1,0,30
5209,607,613,539,3282,1,0,30
5210,615,604,536,3282,1,0,30
5211,613,606,540,3280,1,0,30
5212,609,613,538,3281,1,0,30
5213,614,604,542,3281,1,0,30
5214,611,607,537,3279,1,0,30
5215,616,611,538,3275,0,0,30
5216,615,608,541,3279,0,0,30
5217,610,609,541,3280,0,0,30
5218,614,613,539,3281,0,0,30
5219,617,612,539,3279,0,0,30
5220,618,614,537,3280,0,0,30
5221,614,612,538,3280,0,0,30
5222,616,611,536,3280,0,0,30
5223,619,608,538,3282,0,0,30
5224,614,620,537,3280,0,0,30
5225,613,612,540,3280,0,0,30
5226,617,614,532,3283,0,0,30
5227,620,602,539,3279,0,0,30
5228,607,614,538,3282,0,0,30
5229,618,603,538,3280,0,0,30
5230,624,611,539,3278,0,0,30
5231,610,611,538,3282,0,0,30
5232,615,611,538,3281,0,0,30
5233,618,619,540,3281,0,0,30
5234,605,610,539,3282,0,0,30
5235,616,609,539,3276,0,0,30
5236,612,616,541,3280,0,0,30
5237,615,613,542,3282,0,0,30
5238,619,616,541,3280,0,0,30
5239,615,609,538,3280,0,0,30
5240,612,613,533,3273,0,0,30
5241,611,612,540,3279,0,0,30
5242,617,622,539,3281,0,0,30
5243,618,612,536,3279,0,0,30
5244,613,613,535,3281,0,0,30
5245,616,611,541,3275,0,0,30
5246,620,604,537,3279,0,0,30
5247,618,611,541,3283,0,0,30
5248,615,610,538,3282,0,0,30
5249,623,612,538,3281,0,0,30
5250,614,611,536,3281,1,0,30
5251,610,606,539,3280,1,0,30
5252,614,608,539,3284,1,0,30
5253,615,612,538,3279,1,0,30
5254,619,609,539,3280,1,0,30
5255,619,600,539,3282,1,0,30
5256,612,612,538,3282,1,0,30
5257,614,610,539,3278,1,0,30
5258,613,608,540,3282,1,0,30
5259,615,611,539,3281,1,0,30
5260,619,609,542,3280,1,0,30
5261,615,608,538,3282,1,0,30
5262,613,614,544,3281,1,0,30
5263,624,614,538,3279,1,0,30
5264,618,611,537,3280,1,0,30
5265,614,610,537,3279,0,0,30
5266,622,608,540,3281,0,0,30
5267,614,612,539,3282,0,0,30
5268,619,613,538,3280,0,0,30
5269,617,618,537,3273,0,0,30
5270,625,612,539,3277,0,0,30
5271,619,605,532,3280,0,0,30
5272,619,615,538,3278,0,0,30
5273,613,619,540,3279,0,0,30
5274,618,607,541,3282,0,0,30
5275,612,612,536,3280,0,0,30
5276,617,609,538,3280,0,0,30
5277,610,614,538,3281,0,0,30
5278,614,612,538,3281,0,0,30
5279,614,608,538,3279,0,0,30
5280,615,613,539,3279,0,0,30
5281,619,613,535,3278,0,0,30
5282,619,614,541,3279,0,0,30
5283,617,603,539,3280,0,0,30
5284,616,614,541,3279,0,0,30
5285,616,613,542,3282,0,0,30
5286,614,610,540,3279,0,0,30
5287,619,617,538,3284,0,0,30
5288,617,621,539,3279,0,0,30
5289,617,616,538,3278,0,0,30
5290,615,613,538,3282,0,0,30
5291,621,610,539,3282,0,0,30
5292,609,613,542,3280,0,0,30
5293,617,610,540,3283,0,0,30
5294,618,612,538,3276,0,0,30
5295,613,630,540,3277,0,0,30
5296,619,606,541,3284,0,0,30
5297,624,615,539,3279,0,0,30
5298,616,616,538,3283,0,0,30
5299,616,614,539,3284,0,0,30
5300,619,611,540,3281,1,0,30
5301,616,613,541,3280,1,0,30
5302,613,614,540,3281,1,0,30
5303,615,612,536,3273,1,0,30
5304,617,608,540,3281,1,0,30
5305,618,599,540,3280,1,0,30
5306,614,607,543,3279,1,0,30
5307,608,617,539,3279,1,0,30
5308,614,606,538,3279,1,0,30
5309,614,600,540,3281,1,0,30
5310,613,610,537,3279,1,0,30
5311,613,607,540,3279,1,0,30
5312,617,610,538,3278,1,0,30
5313,617,612,537,3281,1,0,30
5314,623,610,542,3281,1,0,30
5315,614,606,538,3281,0,0,30
5316,615,623,539,3281,0,0,30
5317,613,612,542,3277,0,0,30
5318,616,615,536,3280,0,0,30
5319,612,612,539,3274,0,0,30
5320,616,612,540,3285,0,0,30
5321,618,611,537,3282,0,0,30
5322,615,613,539,3285,0,0,30
5323,613,609,540,3280,0,0,30
5324,613,616,537,3281,0,0,30
5325,622,611,537,3280,0,0,30
5326,617,612,543,3281,0,0,30
5327,618,614,540,3278,0,0,30
5328,613,605,538,3282,0,0,30
5329,618,619,542,3282,0,0,30
5330,615,612,540,3280,0,0,30
5331,619,612,539,3281,0,0,30
5332,613,615,540,3288,0,0,30
5333,622,615,539,3281,0,0,30
5334,614,603,538,3281,0,0,30
5335,616,608,545,3280,0,0,30
5336,616,611,543,3279,0,0,30
5337,624,611,537,3281,0,0,30
5338,617,611,538,3280,0,0,30
5339,618,613,537,3279,0,0,30
5340,618,609,539,3281,0,0,30
5341,623,621,540,3279,0,0,30
5342,611,607,540,3279,0,0,30
5343,614,610,538,3285,0,0,30
5344,621,613,537,3285,0,0,30
5345,616,618,542,3285,0,0,30
5346,618,611,537,3279,0,0,30
5347,615,603,537,3284,0,0,30
5348,617,610,540,3282,0,0,30
5349,613,610,541,3284,0,0,30
5350,613,615,541,3277,1,0,30
5351,614,612,537,3281,1,0,30
5352,618,602,541,3280,1,0,30
5353,616,613,542,3278,1,0,30
5354,611,615,540,3278,1,0,30
5355,610,614,542,3280,1,0,30
5356,614,607,541,3281,1,0,30
5357,618,617,539,3282,1,0,30
5358,616,613,539,3280,1,0,30
5359,620,613,538,3281,1,0,30
5360,621,610,537,3281,1,0,30
5361,615,610,541,3282,1,0,30
5362,616,607,541,3281,1,0,30
5363,619,611,537,3279,1,0,30
5364,616,610,541,3280,1,0,30
5365,616,608,539,3277,0,0,30
5366,616,606,540,3279,0,0,30
5367,615,606,542,3281,0,0,30
5368,610,609,538,3284,0,0,30
5369,615,614,537,3275,0,0,30
5370,617,612,538,3278,0,0,30
5371,619,613,543,3276,0,0,30
5372,614,608,539,3278,0,0,30
5373,622,616,538,3283,0,0,30
5374,614,611,541,3279,0,0,30
5375,612,607,542,3278,0,0,30
5376,610,615,545,3281,0,0,30
5377,615,613,531,3281,0,0,30
5378,617,613,542,3277,0,0,30
5379,618,614,537,3280,0,0,30
5380,616,612,541,3281,0,0,30
5381,615,618,540,3283,0,0,30
5382,616,620,538,3280,0,0,30
5383,618,608,537,3281,0,0,30
5384,614,611,542,3280,0,0,30
5385,618,613,542,3281,0,0,30
5386,619,612,543,3281,0,0,30
5387,616,620,538,3281,0,0,30
5388,613,616,541,3282,0,0,30
5389,616,610,542,3278,0,0,30
5390,614,610,540,3281,0,0,30
5391,614,618,539,3278,0,0,30
5392,613,613,541,3278,0,0,30
5393,617,611,539,3278,0,0,30
5394,614,611,542,3281,0,0,30
5395,620,607,538,3280,0,0,30
5396,623,611,541,3281,0,0,30
5397,619,610,539,3280,0,0,30
5398,617,611,539,3280,0,0,30
5399,621,610,546,3281,0,0,30
5400,615,611,538,3280,1,0,30
5401,613,611,538,3284,1,0,30
5402,612,614,542,3281,1,0,30
5403,616,610,542,3280,1,0,30
5404,617,610,540,3281,1,0,30
5405,618,608,540,3280,1,0,30
5406,616,610,539,3281,1,0,30
5407,611,614,538,3281,1,0,30
5408,615,612,540,3280,1,0,30
5409,617,612,540,3281,1,0,30
5410,615,607,539,3282,1,0,30
5411,621,613,538,3284,1,0,30
5412,619,610,537,3283,1,0,30
5413,616,608,537,3278,1,0,30
5414,615,611,538,3280,1,0,30
5415,616,616,539,3278,0,0,30
5416,617,614,538,3281,0,0,30
5417,613,614,538,3280,0,0,30
5418,609,611,542,3279,0,0,30
5419,615,613,537,3280,0,0,30
5420,611,608,542,3282,0,0,30
5421,619,613,539,3280,0,0,30
5422,619,610,542,3281,0,0,30
5423,614,611,538,3282,0,0,30
5424,617,614,541,3281,0,0,30
5425,618,612,537,3278,0,0,30
5426,613,611,539,3279,0,0,30
5427,612,611,541,3281,0,0,30
5428,616,614,540,3282,0,0,30
5429,620,609,538,3280,0,0,30
5430,616,614,538,3279,0,0,30
5431,621,611,534,3280,0,0,30
5432,615,607,539,3278,0,0,30
5433,619,611,540,3281,0,0,30
5434,611,613,536,3285,0,0,30
5435,621,612,540,3282,0,0,30
5436,616,610,540,3278,0,0,30
5437,611,617,540,3281,0,0,30
5438,615,613,538,3281,0,0,30
5439,615,604,540,3278,0,0,30
5440,615,611,541,3280,0,0,30
5441,621,612,538,3284,0,0,30
5442,614,616,541,3280,0,0,30
5443,615,611,539,3280,0,0,30
5444,621,615,540,3280,0,0,30
5445,618,614,542,3281,0,0,30
5446,616,614,536,3279,0,0,30
5447,609,613,541,3281,0,0,30
5448,616,602,538,3281,0,0,30
5449,623,611,537,3280,0,0,30
5450,618,614,538,3279,1,0,30
5451,615,619,538,3281,1,0,30
5452,618,607,539,3280,1,0,30
5453,616,611,540,3279,1,0,30
5454,618,615,540,3278,1,0,30
5455,613,610,538,3280,1,0,30
5456,616,607,539,3278,1,0,30
5457,612,602,538,3280,1,0,30
5458,619,608,539,3280,1,0,30
5459,613,613,536,3278,1,0,30
5460,614,612,542,3280,1,0,30
5461,619,607,540,3289,1,0,30
5462,605,609,538,3280,1,0,30
5463,614,611,539,3272,1,0,30
5464,615,611,539,3283,1,0,30
5465,622,610,541,3280,0,0,30
5466,617,604,541,3276,0,0,30
5467,617,602,539,3281,0,0,30
5468,613,614,535,3280,0,0,30
5469,622,609,537,3286,0,0,30
5470,624,611,536,3280,0,0,30
5471,617,613,540,3279,0,0,30
5472,613,623,544,3283,0,0,30
5473,616,616,534,3278,0,0,30
5474,615,609,541,3281,0,0,30
5475,615,615,539,3280,0,0,30
5476,620,611,539,3288,0,0,30
5477,623,614,538,3282,0,0,30
5478,619,618,539,3276,0,0,30
5479,618,612,538,3283,0,0,30
5480,617,608,538,3281,0,0,30
5481,612,607,538,3281,0,0,30
5482,608,612,537,3279,0,0,30
5483,613,611,540,3278,0,0,30
5484,615,608,539,3276,0,0,30
5485,616,614,540,3279,0,0,30
5486,618,610,538,3280,0,0,30
5487,618,614,540,3281,0,0,30
5488,615,611,540,3280,0,0,30
5489,614,616,538,3281,0,0,30
5490,612,613,540,3283,0,0,30
5491,617,610,540,3278,0,0,30
5492,617,623,539,3279,0,0,30
5493,618,608,540,3278,0,0,30
5494,620,612,538,3280,0,0,30
5495,617,606,534,3277,0,0,30
5496,616,611,539,3280,0,0,30
5497,624,612,540,3281,0,0,30
5498,612,614,540,3274,0,0,30
5499,618,599,539,3280,0,0,30
5500,614,611,540,3283,1,0,30
5501,611,605,542,3278,1,0,30
5502,617,614,540,3283,1,0,30
5503,615,615,539,3279,1,0,30
5504,617,611,534,3276,1,0,30
5505,617,611,539,3281,1,0,30
5506,615,609,539,3283,1,0,30
5507,618,603,538,3281,1,0,30
5508,613,614,541,3281,1,0,30
5509,617,615,536,3279,1,0,30
5510,616,612,539,3282,1,0,30
5511,618,614,539,3279,1,0,30
5512,608,612,541,3281,1,0,30
5513,614,612,538,3279,1,0,30
5514,611,599,542,3280,1,0,30
5515,616,607,540,3277,0,0,30
5516,620,611,544,3283,0,0,30
5517,614,612,537,3280,0,0,30
5518,621,600,541,3280,0,0,30
5519,620,610,537,3281,0,0,30
5520,616,607,540,3279,0,0,30
5521,614,612,537,3277,0,0,30
5522,616,616,539,3281,0,0,30
5523,620,609,543,3286,0,0,30
5524,614,608,539,3281,0,0,30
5525,615,613,541,3280,0,0,30
5526,613,614,540,3284,0,0,30
5527,611,618,530,3280,0,0,30
5528,618,611,533,3280,0,0,30
5529,615,615,537,3278,0,0,30
5530,608,608,538,3281,0,0,30
5531,614,609,540,3282,0,0,30
5532,616,611,538,3282,0,0,30
5533,613,610,539,3280,0,0,30
5534,612,609,539,3281,0,0,30
5535,616,613,544,3283,0,0,30
5536,621,613,536,3281,0,0,30
5537,616,614,542,3282,0,0,30
5538,612,601,537,3281,0,0,30
5539,610,612,539,3279,0,0,30
5540,619,612,541,3279,0,0,30
5541,620,615,539,3281,0,0,30
5542,611,615,537,3282,0,0,30
5543,618,610,540,3278,0,0,30
5544,622,609,538,3278,0,0,30
5545,618,610,545,3280,0,0,30
5546,618,613,536,3281,0,0,30
5547,615,612,544,3280,0,0,30
5548,613,615,536,3282,0,0,30
5549,623,611,538,3281,0,0,30
5550,614,606,540,3278,1,0,30
5551,616,622,543,3282,1,0,30
5552,610,613,539,3279,1,0,30
5553,617,608,544,3280,1,0,30
5554,615,605,540,3285,1,0,30
5555,608,613,538,3281,1,0,30
5556,614,614,537,3280,1,0,30
5557,617,602,541,3277,1,0,30
5558,598,604,539,3283,1,0,30
5559,605,616,539,3278,1,0,30
5560,616,611,537,3281,1,0,30
5561,613,613,541,3278,1,0,30
5562,616,610,539,3280,1,0,30
5563,610,607,538,3274,1,0,30
5564,615,612,539,3281,1,0,30
5565,615,621,540,3278,0,0,30
5566,618,610,536,3280,0,0,30
5567,611,613,541,3280,0,0,30
5568,612,611,539,3279,0,0,30
5569,613,607,540,3283,0,0,30
5570,618,609,540,3282,0,0,30
5571,615,607,537,3276,0,0,30
5572,620,612,542,3278,0,0,30
5573,615,613,540,3280,0,0,30
5574,611,615,540,3279,0,0,30
5575,615,612,536,3280,0,0,30
5576,619,614,542,3280,0,0,30
5577,621,610,540,3281,0,0,30
5578,615,610,538,3280,0,0,30
5579,615,613,533,3279,0,0,30
5580,619,618,539,3283,0,0,30
5581,617,609,545,3280,0,0,30
5582,609,622,540,3278,0,0,30
5583,613,610,541,3279,0,0,30
5584,613,611,541,3280,0,0,30
5585,613,625,537,3280,0,0,30
5586,611,614,542,3280,0,0,30
5587,616,610,541,3281,0,0,30
5588,617,611,539,3279,0,0,30
5589,608,608,544,3281,0,0,30
5590,617,609,538,3276,0,0,30
5591,617,613,538,3279,0,0,30
5592,615,609,540,3282,0,0,30
5593,616,614,541,3278,0,0,30
5594,615,611,540,3278,0,0,30
5595,616,608,538,3278,0,0,30
5596,622,611,539,3284,0,0,30
5597,613,610,539,3280,0,0,30
5598,617,606,543,3279,0,0,30
5599,615,613,539,3276,0,0,30
5600,610,612,541,3278,1,0,30
5601,613,606,540,3280,1,0,30
5602,617,613,538,3279,1,0,30
5603,623,605,537,3281,1,0,30
5604,613,614,540,3282,1,0,30
5605,612,611,538,3280,1,0,30
5606,615,595,541,3281,1,0,30
5607,611,611,539,3278,1,0,30
5608,615,610,536,3279,1,0,30
5609,611,614,535,3279,1,0,30
5610,614,624,541,3279,1,0,30
5611,616,611,537,3284,1,0,30
5612,610,608,540,3282,1,0,30
5613,620,611,539,3283,1,0,30
5614,616,612,539,3276,1,0,30
5615,616,614,540,3282,0,0,30
5616,616,613,538,3274,0,0,30
5617,619,609,540,3276,0,0,30
5618,610,601,539,3282,0,0,30
5619,615,612,539,3282,0,0,30
5620,608,610,540,3280,0,0,30
5621,618,614,538,3278,0,0,30
5622,616,615,540,3279,0,0,30
5623,611,609,532,3280,0,0,30
5624,617,610,540,3278,0,0,30
5625,612,610,548,3281,0,0,30
5626,617,610,541,3283,0,0,30
5627,612,610,539,3281,0,0,30
5628,608,611,541,3281,0,0,30
5629,618,612,540,3281,0,0,30
5630,614,611,538,3278,0,0,30
5631,617,613,542,3280,0,0,30
5632,611,614,540,3280,0,0,30
5633,617,613,541,3282,0,0,30
5634,614,615,541,3281,0,0,30
5635,613,620,540,3278,0,0,30
5636,616,612,539,3279,0,0,30
5637,617,614,539,3279,0,0,30
5638,618,608,537,3281,0,0,30
5639,615,618,541,3281,0,0,30
5640,614,605,541,3282,0,0,30
5641,612,618,540,3281,0,0,30
5642,615,611,537,3281,0,0,30
5643,628,604,540,3281,0,0,30
5644,616,612,540,3280,0,0,30
5645,614,610,540,3281,0,0,30
5646,615,606,540,3272,0,0,30
5647,603,615,540,3281,0,0,30
5648,611,609,540,3281,0,0,30
5649,616,614,543,3279,0,0,30
5650,619,613,540,3279,1,0,30
5651,617,615,538,3281,1,0,30
5652,616,614,537,3276,1,0,30
5653,617,607,536,3282,1,0,30
5654,614,610,538,3280,1,0,30
5655,613,612,542,3279,1,0,30
5656,612,612,540,3277,1,0,30
5657,613,611,543,3279,1,0,30
5658,621,613,541,3278,1,0,30
5659,612,611,537,3278,1,0,30
5660,616,612,540,3280,1,0,30
5661,615,609,538,3279,1,0,30
5662,616,611,537,3279,1,0,30
5663,613,606,534,3283,1,0,30
5664,617,617,539,3280,1,0,30
5665,610,612,537,3280,0,0,30
5666,614,614,535,3278,0,0,30
5667,620,611,538,3282,0,0,30
5668,610,610,541,3287,0,0,30
5669,617,609,536,3283,0,0,30
5670,620,612,541,3281,0,0,30
5671,609,611,538,3279,0,0,30
5672,613,605,545,3273,0,0,30
5673,615,610,539,3281,0,0,30
5674,617,614,538,3279,0,0,30
5675,621,611,539,3280,0,0,30
5676,615,611,541,3281,0,0,30
5677,614,609,538,3281,0,0,30
5678,614,614,543,3282,0,0,30
5679,622,611,540,3280,0,0,30
5680,613,606,540,3280,0,0,30
5681,612,611,538,3281,0,0,30
5682,614,612,541,3280,0,0,30
5683,618,610,537,3280,0,0,30
5684,613,611,539,3276,0,0,30
5685,619,610,536,3284,0,0,30
5686,614,618,541,3278,0,0,30
5687,615,607,538,3277,0,0,30
5688,615,613,539,3279,0,0,30
5689,613,612,540,3280,0,0,30
5690,616,613,538,3281,0,0,30
5691,622,607,537,3278,0,0,30
5692,618,610,538,3281,0,0,30
5693,616,607,537,3281,0,0,30
5694,612,612,540,3279,0,0,30
5695,618,606,538,3282,0,0,30
5696,615,613,542,3281,0,0,30
5697,618,608,536,3280,0,0,30
5698,611,605,534,3279,0,0,30
5699,621,610,540,3281,0,0,30
5700,612,611,538,3280,1,0,30
5701,619,612,539,3279,1,0,30
5702,616,611,543,3284,1,0,30
5703,618,612,540,3279,1,0,30
5704,614,611,539,3283,1,0,30
5705,614,610,536,3282,1,0,30
5706,612,609,542,3283,1,0,30
5707,610,605,542,3282,1,0,30
5708,617,608,538,3279,1,0,30
5709,619,611,539,3277,1,0,30
5710,618,604,540,3281,1,0,30
5711,614,613,538,3283,1,0,30
5712,618,612,537,3282,1,0,30
5713,614,616,537,3281,1,0,30
5714,611,611,542,3285,1,0,30
5715,612,625,539,3282,0,0,30
5716,614,606,538,3280,0,0,30
5717,617,614,542,3280,0,0,30
5718,616,620,542,3280,0,0,30
5719,614,614,536,3283,0,0,30
5720,612,605,541,3278,0,0,30
5721,610,616,540,3280,0,0,30
5722,615,609,541,3279,0,0,30
5723,615,605,537,3277,0,0,30
5724,621,615,539,3281,0,0,30
5725,615,607,541,3281,0,0,30
5726,615,613,529,3279,0,0,30
5727,615,607,540,3279,0,0,30
5728,617,612,539,3279,0,0,30
5729,616,616,535,3279,0,0,30
5730,609,617,540,3278,0,0,30
5731,614,609,534,3279,0,0,30
5732,612,609,540,3280,0,0,30
5733,618,613,539,3286,0,0,30
5734,619,613,538,3281,0,0,30
5735,615,612,539,3281,0,0,30
5736,616,612,540,3278,0,0,30
5737,631,612,541,3280,0,0,30
5738,616,613,540,3282,0,0,30
5739,614,607,540,3282,0,0,30
5740,612,606,541,3279,0,0,30
5741,616,610,535,3280,0,0,30
5742,616,618,540,3279,0,0,30
5743,624,614,539,3280,0,0,30
5744,620,609,537,3280,0,0,30
5745,614,610,536,3284,0,0,30
5746,616,611,540,3283,0,0,30
5747,614,610,541,3280,0,0,30
5748,612,609,543,3281,0,0,30
5749,626,612,538,3285,0,0,30
5750,615,610,539,3279,1,0,30
5751,613,605,539,3281,1,0,30
5752,612,605,539,3280,1,0,30
5753,615,612,531,3279,1,0,30
5754,615,612,536,3282,1,0,30
5755,614,613,544,3282,1,0,30
5756,613,614,538,3281,1,0,30
5757,617,603,540,3280,1,0,30
5758,617,612,538,3282,1,0,30
5759,615,609,537,3281,1,0,30
5760,617,606,540,3281,1,0,30
5761,612,611,539,3279,1,0,30
5762,607,614,538,3278,1,0,30
5763,614,607,544,3277,1,0,30
5764,615,611,540,3280,1,0,30
5765,610,610,531,3281,0,0,30
5766,616,601,539,3281,0,0,30
5767,616,615,538,3282,0,0,30
5768,616,619,540,3278,0,0,30
5769,620,613,547,3285,0,0,30
5770,619,607,539,3279,0,0,30
5771,618,605,541,3280,0,0,30
5772,610,613,530,3280,0,0,30
5773,612,611,540,3280,0,0,30
5774,612,608,538,3280,0,0,30
5775,622,609,539,3280,0,0,30
5776,612,611,539,3281,0,0,30
5777,619,617,539,3280,0,0,30
5778,615,605,537,3281,0,0,30
5779,614,608,540,3282,0,0,30
5780,617,613,537,3278,0,0,30
5781,614,610,538,3280,0,0,30
5782,614,614,539,3281,0,0,30
5783,616,611,540,3276,0,0,30
5784,614,602,539,3281,0,0,30
5785,604,611,542,3280,0,0,30
5786,614,614,536,3281,0,0,30
5787,604,609,538,3282,0,0,30
5788,615,617,542,3278,0,0,30
5789,615,609,541,3279,0,0,30
5790,619,612,542,3279,0,0,30
5791,618,624,542,3281,0,0,30
5792,622,613,538,3281,0,0,30
5793,617,614,539,3276,0,0,30
5794,614,601,537,3278,0,0,30
5795,616,609,538,3278,0,0,30
5796,618,622,544,3279,0,0,30
5797,619,613,537,3280,0,0,30
5798,617,608,540,3279,0,0,30
5799,614,611,540,3276,0,0,30
5800,611,613,539,3280,1,0,30
5801,617,611,538,3281,1,0,30
5802,620,609,539,3280,1,0,30
5803,616,612,538,3278,1,0,30
5804,617,612,536,3280,1,0,30
5805,618,603,539,3277,1,0,30
5806,615,609,538,3280,1,0,30
5807,615,613,539,3281,1,0,30
5808,620,610,539,3280,1,0,30
5809,613,609,535,3279,1,0,30
5810,615,613,541,3279,1,0,30
5811,616,615,537,3279,1,0,30
5812,604,607,539,3280,1,0,30
5813,616,608,538,3281,1,0,30
5814,619,618,539,3280,1,0,30
5815,615,610,540,3279,0,0,30
5816,619,612,537,3274,0,0,30
5817,618,612,539,3281,0,0,30
5818,617,615,539,3281,0,0,30
5819,616,613,538,3274,0,0,30
5820,613,613,540,3283,0,0,30
5821,610,614,540,3279,0,0,30
5822,616,615,540,3282,0,0,30
5823,621,611,536,3279,0,0,30
5824,617,626,544,3280,0,0,30
5825,614,611,536,3280,0,0,30
5826,615,617,539,3280,0,0,30
5827,614,609,538,3279,0,0,30
5828,615,611,542,3279,0,0,30
5829,610,625,542,3281,0,0,30
5830,615,611,545,3282,0,0,30
5831,619,611,538,3273,0,0,30
5832,616,612,537,3283,0,0,30
5833,618,613,539,3279,0,0,30
5834,618,609,540,3275,0,0,30
5835,614,610,539,3278,0,0,30
5836,613,611,542,3278,0,0,30
5837,617,606,540,3283,0,0,30
5838,622,612,539,3280,0,0,30
5839,617,614,537,3282,0,0,30
5840,611,611,539,3280,0,0,30
5841,616,612,537,3280,0,0,30
5842,613,611,540,3282,0,0,30
5843,611,612,539,3281,0,0,30
5844,613,610,542,3281,0,0,30
5845,616,611,537,3279,0,0,30
5846,620,611,542,3282,0,0,30
5847,612,610,539,3281,0,0,30
5848,613,613,535,3282,0,0,30
5849,616,600,540,3283,0,0,30
5850,611,611,538,3280,1,0,30
5851,616,603,535,3280,1,0,30
5852,617,616,540,3284,1,0,30
5853,611,612,541,3280,1,0,30
5854,601,611,538,3277,1,0,30
5855,611,617,537,3283,1,0,30
5856,618,614,540,3281,1,0,30
5857,621,613,539,3281,1,0,30
5858,613,612,539,3280,1,0,30
5859,613,600,535,3283,1,0,30
5860,613,613,538,3280,1,0,30
5861,612,610,539,3281,1,0,30
5862,613,613,531,3278,1,0,30
5863,617,612,536,3282,1,0,30
5864,615,613,541,3289,1,0,30
5865,617,616,546,3280,0,0,30
5866,617,606,542,3281,0,0,30
5867,614,620,537,3278,0,0,30
5868,617,610,544,3282,0,0,30
5869,614,613,539,3284,0,0,30
5870,617,619,541,3280,0,0,30
5871,616,617,536,3278,0,0,30
5872,618,616,540,3280,0,0,30
5873,616,603,540,3281,0,0,30
5874,612,616,539,3285,0,0,30
5875,615,610,541,3281,0,0,30
5876,612,610,538,3283,0,0,30
5877,612,606,540,3281,0,0,30
5878,620,609,538,3279,0,0,30
5879,610,611,538,3281,0,0,30
5880,614,613,538,3280,0,0,30
5881,619,612,541,3281,0,0,30
5882,619,613,540,3279,0,0,30
5883,619,613,539,3281,0,0,30
5884,612,618,539,3281,0,0,30
5885,612,615,542,3282,0,0,30
5886,615,611,536,3280,0,0,30
5887,623,613,539,3282,0,0,30
5888,619,613,540,3281,0,0,30
5889,617,610,538,3280,0,0,30
5890,619,605,536,3270,0,0,30
5891,614,614,539,3281,0,0,30
5892,616,606,537,3281,0,0,30
5893,618,610,540,3281,0,0,30
5894,617,611,541,3281,0,0,30
5895,611,609,536,3284,0,0,30
5896,619,602,537,3280,0,0,30
5897,615,611,540,3281,0,0,30
5898,614,625,541,3284,0,0,30
5899,615,608,531,3281,0,0,30
5900,615,603,539,3283,1,0,30
5901,613,613,531,3281,1,0,30
5902,615,615,536,3281,1,0,30
5903,613,609,545,3284,1,0,30
5904,614,608,536,3280,1,0,30
5905,617,609,538,3277,1,0,30
5906,618,612,539,3278,1,0,30
5907,598,607,538,3281,1,0,30
5908,617,612,539,3279,1,0,30
5909,607,612,541,3280,1,0,30
5910,616,611,541,3279,1,0,30
5911,614,602,537,3280,1,0,30
5912,611,614,538,3280,1,0,30
5913,618,609,536,3278,1,0,30
5914,616,605,539,3280,1,0,30
5915,622,611,541,3282,0,0,30
5916,616,609,547,3278,0,0,30
5917,612,614,541,3280,0,0,30
5918,616,613,539,3280,0,0,30
5919,614,614,544,3278,0,0,30
5920,617,613,539,3280,0,0,30
5921,615,608,532,3278,0,0,30
5922,607,605,537,3280,0,0,30
5923,626,624,537,3280,0,0,30
5924,618,612,539,3286,0,0,30
5925,627,612,541,3282,0,0,30
5926,612,606,538,3279,0,0,30
5927,613,608,537,3283,0,0,30
5928,617,611,541,3279,0,0,30
5929,617,610,538,3281,0,0,30
5930,617,608,539,3281,0,0,30
5931,618,612,540,3279,0,0,30
5932,611,607,540,3280,0,0,30
5933,617,614,539,3281,0,0,30
5934,617,612,539,3278,0,0,30
5935,615,606,542,3277,0,0,30
5936,619,610,535,3280,0,0,30
5937,613,611,542,3272,0,0,30
5938,621,613,539,3278,0,0,30
5939,617,620,541,3282,0,0,30
5940,615,610,539,3280,0,0,30
5941,616,614,544,3280,0,0,30
5942,606,610,536,3282,0,0,30
5943,616,611,541,3281,0,0,30
5944,610,619,539,3279,0,0,30
5945,623,612,536,3280,0,0,30
5946,618,612,541,3281,0,0,30
5947,620,605,540,3280,0,0,30
5948,612,614,538,3279,0,0,30
5949,629,611,542,3280,0,0,30
5950,619,616,542,3281,1,0,30
5951,611,607,540,3279,1,0,30
5952,605,611,540,3279,1,0,30
5953,613,614,539,3281,1,0,30
5954,618,610,535,3279,1,0,30
5955,611,608,538,3281,1,0,30
5956,615,608,539,3279,1,0,30
5957,615,609,539,3277,1,0,30
5958,614,609,542,3280,1,0,30
5959,613,604,537,3283,1,0,30
5960,613,606,535,3281,1,0,30
5961,617,611,539,3282,1,0,30
5962,613,607,540,3281,1,0,30
5963,619,612,537,3281,1,0,30
5964,618,610,537,3279,1,0,30
5965,614,606,553,3277,0,0,30
5966,619,613,538,3280,0,0,30
5967,615,609,539,3281,0,0,30
5968,611,614,540,3281,0,0,30
5969,617,623,540,3279,0,0,30
5970,613,607,537,3282,0,0,30
5971,622,613,536,3274,0,0,30
5972,616,612,544,3283,0,0,30
5973,617,623,540,3280,0,0,30
5974,612,614,541,3277,0,0,30
5975,616,610,538,3280,0,0,30
5976,620,608,543,3279,0,0,30
5977,613,613,540,3280,0,0,30
5978,622,614,540,3279,0,0,30
5979,619,611,542,3282,0,0,30
5980,613,610,534,3279,0,0,30
5981,619,610,540,3279,0,0,30
5982,623,611,541,3280,0,0,30
5983,612,614,542,3280,0,0,30
5984,612,609,539,3278,0,0,30
5985,617,613,536,3278,0,0,30
5986,615,616,538,3281,0,0,30
5987,615,611,542,3277,0,0,30
5988,622,610,539,3279,0,0,30
5989,617,614,544,3279,0,0,30
5990,618,613,541,3280,0,0,30
5991,614,613,539,3278,0,0,30
5992,616,612,541,3279,0,0,30
5993,617,611,538,3279,0,0,30
5994,612,611,540,3280,0,0,30
5995,618,615,532,3279,0,0,30
5996,617,620,539,3283,0,0,30
5997,623,616,538,3277,0,0,30
5998,618,602,539,3281,0,0,30
5999,620,604,537,3285,0,0,30
6000,615,616,538,3283,1,0,30
6001,614,613,539,3279,1,0,30
6002,610,606,539,3278,1,0,30
6003,613,610,541,3281,1,0,30
6004,612,607,539,3280,1,0,30
6005,616,611,541,3282,1,0,30
6006,614,608,542,3272,1,0,30
6007,626,609,541,3278,1,0,30
6008,619,608,541,3282,1,0,30
6009,612,610,537,3282,1,0,30
6010,614,614,538,3278,1,0,30
6011,616,610,539,3282,1,0,30
6012,614,622,539,3278,1,0,30
6013,617,612,541,3281,1,0,30
6014,618,606,541,3279,1,0,30
6015,617,617,537,3280,0,0,30
6016,614,609,539,3280,0,0,30
6017,614,614,541,3277,0,0,30
6018,622,617,537,3281,0,0,30
6019,611,611,539,3279,0,0,30
6020,612,611,537,3280,0,0,30
6021,624,612,545,3277,0,0,30
6022,621,612,540,3278,0,0,30
6023,614,610,538,3278,0,0,30
6024,618,601,539,3279,0,0,30
6025,619,614,545,3280,0,0,30
6026,615,611,541,3278,0,0,30
6027,614,609,541,3279,0,0,30
6028,614,616,536,3278,0,0,30
6029,616,615,538,3276,0,0,30
6030,615,604,538,3279,0,0,30
6031,615,612,540,3278,0,0,30
6032,615,606,538,3280,0,0,30
6033,613,609,539,3278,0,0,30
6034,613,615,537,3276,0,0,30
6035,615,611,538,3280,0,0,30
6036,618,609,538,3279,0,0,30
6037,615,613,542,3281,0,0,30
6038,618,623,538,3281,0,0,30
6039,620,613,540,3279,0,0,30
6040,621,606,540,3282,0,0,30
6041,618,609,540,3275,0,0,30
6042,616,613,539,3278,0,0,30
6043,612,605,545,3279,0,0,30
6044,619,613,539,3281,0,0,30
6045,625,613,538,3282,0,0,30
6046,619,611,541,3283,0,0,30
6047,616,612,538,3279,0,0,30
6048,614,616,538,3279,0,0,30
6049,612,603,538,3279,0,0,30
6050,620,603,541,3281,1,0,30
6051,614,610,542,3280,1,0,30
6052,616,608,537,3282,1,0,30
6053,620,611,539,3277,1,0,30
6054,613,614,539,3285,1,0,30
6055,613,612,540,3281,1,0,30
6056,615,611,539,3282,1,0,30
6057,613,621,539,3282,1,0,30
6058,616,615,538,3281,1,0,30
6059,613,613,538,3281,1,0,30
6060,615,606,539,3281,1,0,30
6061,614,627,536,3280,1,0,30
6062,619,614,535,3281,1,0,30
6063,621,612,540,3283,1,0,30
6064,615,604,539,3280,1,0,30
6065,615,605,545,3283,0,0,30
6066,613,611,542,3284,0,0,30
6067,620,613,538,3281,0,0,30
6068,626,607,543,3281,0,0,30
6069,616,619,542,3283,0,0,30
6070,613,611,543,3279,0,0,30
6071,617,617,539,3272,0,0,30
6072,618,610,539,3280,0,0,30
6073,612,612,538,3280,0,0,30
6074,615,603,537,3281,0,0,30
6075,613,611,539,3280,0,0,30
6076,604,610,540,3281,0,0,30
6077,614,612,541,3277,0,0,30
6078,617,610,540,3279,0,0,30
6079,615,611,535,3278,0,0,30
6080,614,612,539,3278,0,0,30
6081,615,617,539,3280,0,0,30
6082,614,614,542,3286,0,0,30
6083,603,610,545,3279,0,0,30
6084,616,607,541,3290,0,0,30
6085,619,613,537,3281,0,0,30
6086,617,612,539,3281,0,0,30
6087,616,614,540,3281,0,0,30
6088,614,611,539,3280,0,0,30
6089,618,611,541,3279,0,0,30
6090,615,612,540,3277,0,0,30
6091,613,617,541,3281,0,0,30
6092,614,625,540,3281,0,0,30
6093,616,613,543,3278,0,0,30
6094,614,612,539,3278,0,0,30
6095,610,614,540,3278,0,0,30
6096,618,615,542,3278,0,0,30
6097,620,613,543,3279,0,0,30
6098,620,608,539,3282,0,0,30
6099,611,612,541,3280,0,0,30
6100,616,611,539,3283,1,0,30
6101,614,608,543,3278,1,0,30
6102,613,612,543,3280,1,0,30
6103,615,612,538,3280,1,0,30
6104,617,606,537,3278,1,0,30
6105,613,632,540,3280,1,0,30
6106,621,614,540,3280,1,0,30
6107,609,615,539,3278,1,0,30
6108,607,611,538,3280,1,0,30
6109,611,615,539,3277,1,0,30
6110,615,614,540,3278,1,0,30
6111,618,610,541,3280,1,0,30
6112,616,613,535,3280,1,0,30
6113,611,612,538,3279,1,0,30
6114,619,620,540,3280,1,0,30
6115,615,610,540,3278,0,0,30
6116,616,614,542,3278,0,0,30
6117,617,626,540,3278,0,0,30
6118,615,610,541,3279,0,0,30
6119,616,611,543,3281,0,0,30
6120,621,610,542,3279,0,0,30
6121,616,599,539,3279,0,0,30
6122,623,612,541,3282,0,0,30
6123,615,615,542,3281,0,0,30
6124,618,614,536,3281,0,0,30
6125,614,610,542,3281,0,0,30
6126,619,613,540,3279,0,0,30
6127,613,614,540,3283,0,0,30
6128,615,615,539,3279,0,0,30
6129,616,610,540,3281,0,0,30
6130,623,613,539,3281,0,0,30
6131,614,600,538,3282,0,0,30
6132,616,615,532,3278,0,0,30
6133,613,607,537,3279,0,0,30
6134,615,607,541,3279,0,0,30
6135,613,629,532,3279,0,0,30
6136,615,616,538,3276,0,0,30
6137,625,612,541,3282,0,0,30
6138,617,605,538,3280,0,0,30
6139,617,613,541,3279,0,0,30
6140,616,611,542,3280,0,0,30
6141,612,614,542,3275,0,0,30
6142,615,615,537,3279,0,0,30
6143,617,612,540,3278,0,0,30
6144,621,614,538,3281,0,0,30
6145,616,613,541,3282,0,0,30
6146,619,611,539,3279,0,0,30
6147,623,611,535,3279,0,0,30
6148,615,612,537,3281,0,0,30
6149,612,613,538,3280,0,0,30
6150,615,611,540,3280,1,0,30
6151,614,611,536,3280,1,0,30
6152,615,616,543,3280,1,0,30
6153,619,614,538,3281,1,0,30
6154,618,596,540,3278,1,0,30
6155,622,608,536,3279,1,0,30
6156,613,614,537,3283,1,0,30
6157,612,610,541,3281,1,0,30
6158,609,613,537,3280,1,0,30
6159,615,612,538,3284,1,0,30
6160,615,608,540,3283,1,0,30
6161,613,615,538,3290,1,0,30
6162,611,612,539,3283,1,0,30
6163,615,610,539,3281,1,0,30
6164,616,612,540,3281,1,0,30
6165,612,612,537,3278,0,0,30
6166,616,612,540,3279,0,0,30
6167,617,610,542,3280,0,0,30
6168,609,619,539,3281,0,0,30
6169,619,616,550,3286,0,0,30
6170,610,606,540,3278,0,0,30
6171,615,613,541,3282,0,0,30
6172,615,612,541,3280,0,0,30
6173,620,610,536,3281,0,0,30
6174,616,612,537,3283,0,0,30
6175,620,611,529,3279,0,0,30
6176,599,612,538,3280,0,0,30
6177,616,602,538,3280,0,0,30
6178,615,615,539,3277,0,0,30
6179,615,618,540,3280,0,0,30
6180,614,610,536,3280,0,0,30
6181,614,611,544,3281,0,0,30
6182,616,609,536,3279,0,0,30
6183,617,606,539,3275,0,0,30
6184,614,627,539,3278,0,0,30
6185,620,610,543,3280,0,0,30
6186,615,625,541,3282,0,0,30
6187,615,634,539,3279,0,0,30
6188,618,608,539,3278,0,0,30
6189,621,611,537,3279,0,0,30
6190,616,612,538,3280,0,0,30
6191,615,609,540,3275,0,0,30
6192,615,612,537,3281,0,0,30
6193,620,612,540,3280,0,0,30
6194,615,611,537,3277,0,0,30
6195,616,610,535,3281,0,0,30
6196,610,605,539,3280,0,0,30
6197,612,602,541,3278,0,0,30
6198,617,611,538,3280,0,0,30
6199,612,614,540,3286,0,0,30
6200,616,615,536,3280,1,0,30
6201,617,613,539,3278,1,0,30
6202,613,613,538,3279,1,0,30
6203,618,615,539,3280,1,0,30
6204,618,611,537,3281,1,0,30
6205,615,611,541,3281,1,0,30
6206,615,598,538,3277,1,0,30
6207,614,598,538,3280,1,0,30
6208,615,611,538,3281,1,0,30
6209,617,612,539,3280,1,0,30
6210,612,612,539,3279,1,0,30
6211,618,609,539,3281,1,0,30
6212,616,611,539,3278,1,0,30
6213,611,612,536,3280,1,0,30
6214,613,616,529,3279,1,0,30
6215,614,596,539,3280,0,0,30
6216,612,612,541,3278,0,0,30
6217,616,614,542,3282,0,0,30
6218,618,612,538,3280,0,0,30
6219,617,611,538,3281,0,0,30
6220,612,619,540,3278,0,0,30
6221,619,609,538,3281,0,0,30
6222,616,614,537,3280,0,0,30
6223,610,605,537,3279,0,0,30
6224,612,615,540,3280,0,0,30
6225,616,615,537,3277,0,0,30
6226,616,628,538,3283,0,0,30
6227,620,611,543,3280,0,0,30
6228,619,617,537,3280,0,0,30
6229,617,613,538,3282,0,0,30
6230,615,613,539,3280,0,0,30
6231,613,611,541,3280,0,0,30
6232,616,612,538,3279,0,0,30
6233,616,609,539,3279,0,0,30
6234,616,611,540,3284,0,0,30
6235,618,612,538,3281,0,0,30
6236,616,611,538,3280,0,0,30
6237,616,611,538,3284,0,0,30
6238,616,612,539,3282,0,0,30
6239,616,629,540,3275,0,0,30
6240,616,612,537,3282,0,0,30
6241,615,609,540,3278,0,0,30
6242,607,609,539,3280,0,0,30
6243,617,622,543,3281,0,0,30
6244,612,613,537,3278,0,0,30
6245,616,609,541,3281,0,0,30
6246,613,613,540,3281,0,0,30
6247,612,609,538,3280,0,0,30
6248,614,608,540,3280,0,0,30
6249,617,610,534,3279,0,0,30
6250,615,617,537,3279,1,0,30
6251,618,612,538,3283,1,0,30
6252,621,608,537,3280,1,0,30
6253,618,615,538,3280,1,0,30
6254,620,606,538,3283,1,0,30
6255,614,610,538,3280,1,0,30
6256,623,610,537,3280,1,0,30
6257,613,614,539,3279,1,0,30
6258,617,623,539,3280,1,0,30
6259,617,608,537,3277,1,0,30
6260,610,611,536,3282,1,0,30
6261,614,618,541,3282,1,0,30
6262,611,613,540,3280,1,0,30
6263,615,613,541,3282,1,0,30
6264,615,611,541,3282,1,0,30
6265,617,609,536,3283,0,0,30
6266,614,605,541,3280,0,0,30
6267,619,619,538,3278,0,0,30
6268,609,615,538,3279,0,0,30
6269,616,604,537,3282,0,0,30
6270,619,615,541,3277,0,0,30
6271,620,614,538,3278,0,0,30
6272,615,607,537,3278,0,0,30
6273,615,610,538,3277,0,0,30
6274,611,609,539,3282,0,0,30
6275,615,618,538,3277,0,0,30
6276,617,614,539,3279,0,0,30
6277,615,614,539,3280,0,0,30
6278,620,610,539,3280,0,0,30
6279,613,611,529,3282,0,0,30
6280,612,612,539,3278,0,0,30
6281,611,616,539,3284,0,0,30
6282,612,601,538,3278,0,0,30
6283,613,615,540,3279,0,0,30
6284,620,610,542,3279,0,0,30
6285,620,621,540,3280,0,0,30
6286,607,614,537,3275,0,0,30
6287,616,608,542,3276,0,0,30
6288,613,609,534,3281,0,0,30
6289,616,613,539,3279,0,0,30
6290,618,612,543,3279,0,0,30
6291,613,620,539,3280,0,0,30
6292,614,608,541,3279,0,0,30
6293,613,610,540,3280,0,0,30
6294,615,609,536,3279,0,0,30
6295,617,617,540,3281,0,0,30
6296,613,608,537,3277,0,0,30
6297,614,610,538,3278,0,0,30
6298,609,611,541,3285,0,0,30
6299,615,611,540,3281,0,0,30
6300,611,609,545,3281,1,0,30
6301,618,613,539,3281,1,0,30
6302,615,611,544,3280,1,0,30
6303,618,614,537,3280,1,0,30
6304,614,612,540,3275,1,0,30
6305,614,611,540,3278,1,0,30
6306,614,618,537,3280,1,0,30
6307,615,610,538,3282,1,0,30
6308,613,611,537,3282,1,0,30
6309,614,615,540,3283,1,0,30
6310,611,608,537,3280,1,0,30
6311,615,611,540,3276,1,0,30
6312,610,614,540,3277,1,0,30
6313,614,611,538,3280,1,0,30
6314,615,616,539,3277,1,0,30
6315,615,608,541,3280,0,0,30
6316,614,615,542,3281,0,0,30
6317,617,611,541,3280,0,0,30
6318,614,611,541,3278,0,0,30
6319,607,614,543,3278,0,0,30
6320,616,611,537,3283,0,0,30
6321,612,609,538,3280,0,0,30
6322,608,612,536,3279,0,0,30
6323,614,610,540,3278,0,0,30
6324,617,612,540,3279,0,0,30
6325,612,614,543,3280,0,0,30
6326,621,608,538,3276,0,0,30
6327,613,608,537,3281,0,0,30
6328,617,610,538,3282,0,0,30
6329,616,614,539,3278,0,0,30
6330,616,605,543,3278,0,0,30
6331,617,608,537,3278,0,0,30
6332,611,611,540,3278,0,0,30
6333,619,605,539,3275,0,0,30
6334,614,611,537,3279,0,0,30
6335,619,615,541,3277,0,0,30
6336,616,615,540,3281,0,0,30
6337,619,605,543,3277,0,0,30
6338,613,613,543,3276,0,0,30
6339,615,616,541,3272,0,0,30
6340,616,607,539,3278,0,0,30
6341,618,609,531,3280,0,0,30
6342,618,615,541,3279,0,0,30
6343,618,613,540,3280,0,0,30
6344,616,609,542,3281,0,0,30
6345,620,607,538,3278,0,0,30
6346,613,612,538,3279,0,0,30
6347,619,616,538,3270,0,0,30
6348,601,613,539,3281,0,0,30
6349,617,613,542,3287,0,0,30
6350,612,602,539,3281,1,0,30
6351,614,608,537,3282,1,0,30
6352,619,614,545,3280,1,0,30
6353,613,613,538,3282,1,0,30
6354,616,609,543,3281,1,0,30
6355,612,621,537,3281,1,0,30
6356,615,616,535,3279,1,0,30
6357,625,610,541,3283,1,0,30
6358,611,613,538,3285,1,0,30
6359,614,619,539,3279,1,0,30
6360,615,611,542,3278,1,0,30
6361,615,614,539,3281,1,0,30
6362,615,613,538,3281,1,0,30
6363,614,618,540,3280,1,0,30
6364,611,613,536,3281,1,0,30
6365,620,612,539,3282,0,0,30
6366,620,609,540,3280,0,0,30
6367,616,614,543,3281,0,0,30
6368,617,608,538,3277,0,0,30
6369,619,620,538,3283,0,0,30
6370,613,610,538,3281,0,0,30
6371,612,607,535,3278,0,0,30
6372,615,610,539,3279,0,0,30
6373,613,609,538,3282,0,0,30
6374,615,613,542,3282,0,0,30
6375,617,611,528,3281,0,0,30
6376,619,609,539,3281,0,0,30
6377,617,610,538,3282,0,0,30
6378,612,608,540,3280,0,0,30
6379,615,613,539,3276,0,0,30
6380,618,608,540,3281,0,0,30
6381,620,611,541,3280,0,0,30
6382,624,614,534,3280,0,0,30
6383,616,614,542,3276,0,0,30
6384,621,610,541,3280,0,0,30
6385,614,610,539,3275,0,0,30
6386,613,612,538,3281,0,0,30
6387,619,618,538,3280,0,0,30
6388,615,606,540,3280,0,0,30
6389,614,614,537,3279,0,0,30
6390,613,612,538,3280,0,0,30
6391,619,617,535,3280,0,0,30
6392,617,608,537,3278,0,0,30
6393,615,598,539,3278,0,0,30
6394,616,611,539,3276,0,0,30
6395,618,610,538,3286,0,0,30
6396,616,611,541,3279,0,0,30
6397,618,614,540,3287,0,0,30
6398,619,607,541,3280,0,0,30
6399,614,610,542,3279,0,0,30
6400,620,632,539,3280,1,0,30
6401,617,605,539,3277,1,0,30
6402,615,613,543,3281,1,0,30
6403,609,615,548,3281,1,0,30
6404,615,609,541,3279,1,0,30
6405,612,611,540,3277,1,0,30
6406,614,613,538,3278,1,0,30
6407,614,612,538,3279,1,0,30
6408,613,614,540,3279,1,0,30
6409,613,605,541,3280,1,0,30
6410,614,612,541,3279,1,0,30
6411,615,608,538,3281,1,0,30
6412,619,613,539,3279,1,0,30
6413,611,605,540,3278,1,0,30
6414,613,611,539,3278,1,0,30
6415,616,608,542,3283,0,0,30
6416,617,615,542,3278,0,0,30
6417,621,617,539,3279,0,0,30
6418,623,608,540,3279,0,0,30
6419,614,621,543,3277,0,0,30
6420,615,610,538,3279,0,0,30
6421,615,612,546,3277,0,0,30
6422,613,603,540,3277,0,0,30
6423,615,606,541,3281,0,0,30
6424,617,611,543,3277,0,0,30
6425,608,611,541,3281,0,0,30
6426,616,614,536,3279,0,0,30
6427,615,606,542,3282,0,0,30
6428,612,608,539,3282,0,0,30
6429,597,612,541,3279,0,0,30
6430,616,620,541,3281,0,0,30
6431,617,612,543,3280,0,0,30
6432,615,611,544,3282,0,0,30
6433,613,613,541,3282,0,0,30
6434,618,620,543,3281,0,0,30
6435,616,610,537,3285,0,0,30
6436,621,612,539,3281,0,0,30
6437,612,617,546,3278,0,0,30
6438,612,617,541,3282,0,0,30
6439,613,609,540,3280,0,0,30
6440,618,619,541,3279,0,0,30
6441,615,605,541,3282,0,0,30
6442,614,608,540,3283,0,0,30
6443,618,609,543,3281,0,0,30
6444,618,605,542,3280,0,0,30
6445,618,615,543,3280,0,0,30
6446,615,614,540,3280,0,0,30
6447,613,610,540,3278,0,0,30
6448,613,611,543,3279,0,0,30
6449,614,616,542,3278,0,0,30
6450,619,614,543,3279,1,0,30
6451,615,610,541,3280,1,0,30
6452,615,612,544,3279,1,0,30
6453,617,617,544,3278,1,0,30
6454,611,610,540,3279,1,0,30
6455,615,611,546,3278,1,0,30
6456,615,608,543,3280,1,0,30
6457,616,614,542,3282,1,0,30
6458,616,618,545,3276,1,0,30
6459,614,619,539,3277,1,0,30
6460,614,608,542,3276,1,0,30
6461,615,615,541,3279,1,0,30
6462,605,613,542,3277,1,0,30
6463,613,608,548,3279,1,0,30
6464,613,611,544,3270,1,0,30
6465,619,610,543,3279,0,0,30
6466,618,606,545,3276,0,0,30
6467,623,610,545,3280,0,0,30
6468,616,614,543,3281,0,0,30
6469,612,611,542,3273,0,0,30
6470,615,609,540,3282,0,0,30
6471,615,612,545,3279,0,0,30
6472,611,612,543,3277,0,0,30
6473,614,606,542,3278,0,0,30
6474,616,613,541,3279,0,0,30
6475,620,607,545,3278,0,0,30
6476,618,610,545,3281,0,0,30
6477,616,612,549,3280,0,0,30
6478,612,612,544,3278,0,0,30
6479,610,609,544,3280,0,0,30
6480,614,612,541,3281,0,0,30
6481,616,611,544,3278,0,0,30
6482,617,609,543,3279,0,0,30
6483,617,615,544,3281,0,0,30
6484,614,628,544,3280,0,0,30
6485,615,613,540,3274,0,0,30
6486,624,613,538,3280,0,0,30
6487,617,614,541,3280,0,0,30
6488,615,612,548,3280,0,0,30
6489,619,612,544,3279,0,0,30
6490,618,613,546,3277,0,0,30
6491,616,608,545,3276,0,0,30
6492,614,614,545,3281,0,0,30
6493,620,608,545,3278,0,0,30
6494,616,621,543,3281,0,0,30
6495,609,613,545,3279,0,0,30
6496,623,610,546,3274,0,0,30
6497,617,612,545,3278,0,0,30
6498,618,609,546,3279,0,0,30
6499,612,611,542,3277,0,0,30
6500,617,615,543,3277,1,0,30
6501,618,624,550,3278,1,0,30
6502,614,611,543,3277,1,0,30
6503,615,610,544,3280,1,0,30
6504,621,614,544,3278,1,0,30
6505,617,614,541,3279,1,0,30
6506,615,609,547,3277,1,0,30
6507,616,605,546,3276,1,0,30
6508,620,610,548,3278,1,0,30
6509,605,614,543,3278,1,0,30
6510,616,613,542,3282,1,0,30
6511,617,610,545,3280,1,0,30
6512,614,610,544,3282,1,0,30
6513,615,613,545,3278,1,0,30
6514,627,615,551,3279,1,0,30
6515,615,615,548,3282,0,0,30
6516,617,611,542,3279,0,0,30
6517,609,609,546,3279,0,0,30
6518,616,613,547,3277,0,0,30
6519,614,611,548,3274,0,0,30
6520,610,609,546,3277,0,0,30
6521,604,610,548,3279,0,0,30
6522,618,609,547,3277,0,0,30
6523,616,608,551,3276,0,0,30
6524,617,617,551,3278,0,0,30
6525,619,610,547,3277,0,0,30
6526,612,605,550,3278,0,0,30
6527,611,597,553,3279,0,0,30
6528,616,611,548,3277,0,0,30
6529,614,617,552,3282,0,0,30
6530,613,611,554,3283,0,0,30
6531,617,615,554,3277,0,0,30
6532,614,609,554,3281,0,0,30
6533,612,615,548,3277,0,0,30
6534,614,611,553,3276,0,0,30
6535,614,613,550,3274,0,0,30
6536,618,613,548,3279,0,0,30
6537,617,614,551,3280,0,0,30
6538,609,608,551,3277,0,0,30
6539,621,610,560,3282,0,0,30
6540,621,607,554,3278,0,0,30
6541,617,609,554,3282,0,0,30
6542,618,613,553,3279,0,0,30
6543,609,605,556,3280,0,0,30
6544,625,611,551,3283,0,0,30
6545,617,608,553,3282,0,0,30
6546,617,614,554,3277,0,0,30
6547,614,612,555,3281,0,0,30
6548,620,605,553,3278,0,0,30
6549,617,608,555,3278,0,0,30
6550,621,612,555,3278,1,0,30
6551,614,612,556,3274,1,0,30
6552,610,613,555,3278,1,0,30
6553,613,608,559,3279,1,0,30
6554,613,607,555,3269,1,0,30
6555,616,625,556,3280,1,0,30
6556,616,610,556,3280,1,0,30
6557,616,609,556,3275,1,0,30
6558,611,617,558,3278,1,0,30
6559,613,608,556,3275,1,0,30
6560,612,613,558,3279,1,0,30
6561,615,609,557,3277,1,0,30
6562,618,605,556,3273,1,0,30
6563,620,611,558,3281,1,0,30
6564,611,614,557,3279,1,0,30
6565,615,612,558,3279,0,0,30
6566,615,613,558,3279,0,0,30
6567,621,606,559,3278,0,0,30
6568,615,610,563,3272,0,0,30
6569,616,611,559,3279,0,0,30
6570,615,613,561,3277,0,0,30
6571,620,612,558,3277,0,0,30
6572,616,607,559,3275,0,0,30
6573,619,613,561,3278,0,0,30
6574,617,617,560,3277,0,0,30
6575,615,614,558,3275,0,0,30
6576,609,611,560,3281,0,0,30
6577,614,611,560,3277,0,0,30
6578,613,614,563,3275,0,0,30
6579,615,613,565,3278,0,0,30
6580,616,611,560,3279,0,0,30
6581,612,612,560,3281,0,0,30
6582,618,609,561,3276,0,0,30
6583,612,618,562,3279,0,0,30
6584,615,605,562,3277,0,0,30
6585,624,628,564,3280,0,0,30
6586,613,605,563,3280,0,0,30
6587,616,606,564,3279,0,0,30
6588,618,617,564,3279,0,0,30
6589,616,615,565,3279,0,0,30
6590,615,614,575,3272,0,0,30
6591,616,605,574,3275,0,0,30
6592,616,612,568,3277,0,0,30
6593,611,609,565,3272,0,0,30
6594,614,609,567,3277,0,0,30
6595,609,613,567,3280,0,0,30
6596,614,610,569,3283,0,0,30
6597,600,611,569,3273,0,0,30
6598,621,617,571,3277,0,0,30
6599,619,613,568,3276,0,0,30
6600,612,612,568,3276,1,0,30
6601,617,613,571,3277,1,0,30
6602,611,607,576,3277,1,0,30
6603,612,613,574,3274,1,0,30
6604,622,613,571,3277,1,0,30
6605,612,608,572,3276,1,0,30
6606,618,601,572,3276,1,0,30
6607,616,610,572,3276,1,0,30
6608,607,612,577,3275,1,0,30
6609,615,607,578,3274,1,0,30
6610,616,598,580,3274,1,0,30
6611,617,611,574,3277,1,0,30
6612,615,610,582,3265,1,0,30
6613,615,605,582,3277,1,0,30
6614,614,602,576,3275,1,0,30
6615,617,611,581,3276,0,0,30
6616,616,608,582,3275,0,0,30
6617,622,609,581,3281,0,0,30
6618,619,610,584,3272,0,0,30
6619,617,613,585,3274,0,0,30
6620,621,609,582,3272,0,0,30
6621,614,610,584,3276,0,0,30
6622,615,616,586,3272,0,0,30
6623,616,616,587,3273,0,0,30
6624,617,611,579,3271,0,0,30
6625,615,612,586,3273,0,0,30
6626,614,609,584,3274,0,0,30
6627,616,605,587,3264,0,0,30
6628,615,615,589,3272,0,0,30
6629,617,602,587,3272,0,0,30
6630,620,608,590,3276,0,0,30
6631,618,608,586,3271,0,0,30
6632,618,615,586,3267,0,0,30
6633,616,625,590,3272,0,0,30
6634,609,617,595,3269,0,0,30
6635,616,611,589,3273,0,0,30
6636,612,616,592,3271,0,0,30
6637,618,609,594,3271,0,0,30
6638,623,602,591,3272,0,0,30
6639,615,615,593,3271,0,0,30
6640,615,605,594,3269,0,0,30
6641,612,610,592,3272,0,0,30
6642,616,612,589,3273,0,0,30
6643,614,607,598,3269,0,0,30
6644,621,608,593,3269,0,0,30
6645,618,613,600,3273,0,0,30
6646,614,610,597,3272,0,0,30
6647,618,623,599,3272,0,0,30
6648,620,610,598,3270,0,0,30
6649,612,614,598,3268,0,0,30
6650,616,613,602,3273,1,0,30
6651,613,614,602,3269,1,0,30
6652,614,615,598,3273,1,0,30
6653,614,611,600,3272,1,0,30
6654,615,610,600,3269,1,0,30
6655,614,615,599,3271,1,0,30
6656,614,606,602,3270,1,0,30
6657,613,614,601,3272,1,0,30
6658,614,596,602,3265,1,0,30
6659,620,613,603,3270,1,0,30
6660,610,611,606,3268,1,0,30
6661,612,613,607,3270,1,0,30
6662,613,608,608,3271,1,0,30
6663,614,609,604,3271,1,0,30
6664,617,603,608,3267,1,0,30
6665,616,613,609,3272,0,0,30
6666,616,612,605,3269,0,0,30
6667,615,613,609,3269,0,0,30
6668,615,609,611,3268,0,0,30
6669,620,619,611,3269,0,0,30
6670,614,610,606,3268,0,0,30
6671,625,617,614,3268,0,0,30
6672,619,611,614,3269,0,0,30
6673,620,612,616,3265,0,0,30
6674,620,610,614,3270,0,0,30
6675,604,613,617,3269,0,0,30
6676,615,611,615,3270,0,0,30
6677,613,599,618,3268,0,0,30
6678,613,610,618,3269,0,0,30
6679,615,609,619,3267,0,0,30
6680,617,613,615,3270,0,0,30
6681,618,613,618,3268,0,0,30
6682,623,611,621,3268,0,0,30
6683,618,612,621,3270,0,0,30
6684,625,608,619,3268,0,0,30
6685,613,613,620,3268,0,0,30
6686,610,611,621,3270,0,0,30
6687,617,606,624,3266,0,0,30
6688,619,598,624,3268,0,0,30
6689,618,609,625,3266,0,0,30
6690,613,613,625,3266,0,0,30
6691,611,610,625,3266,0,0,30
6692,621,611,626,3266,0,0,30
6693,615,615,630,3268,0,0,30
6694,613,611,627,3264,0,0,30
6695,613,611,627,3267,0,0,30
6696,616,610,630,3266,0,0,30
6697,614,607,626,3266,0,0,30
6698,617,627,631,3266,0,0,30
6699,618,615,628,3264,0,0,30
6700,609,612,633,3265,1,0,30
6701,619,609,632,3266,1,0,30
6702,617,608,632,3267,1,0,30
6703,615,611,630,3266,1,0,30
6704,621,609,636,3261,1,0,30
6705,622,619,631,3269,1,0,30
6706,618,613,633,3264,1,0,30
6707,615,613,631,3264,1,0,30
6708,611,613,633,3264,1,0,30
6709,615,611,628,3262,1,0,30
6710,614,614,625,3256,1,0,30
6711,616,606,627,3257,1,0,30
6712,615,614,625,3254,1,0,30
6713,614,611,620,3251,1,0,30
6714,619,621,628,3242,1,0,30
6715,615,618,618,3240,0,0,30
6716,614,609,618,3230,0,0,30
6717,615,618,621,3229,0,0,30
6718,615,609,618,3218,0,0,30
6719,610,611,616,3207,0,0,30
6720,619,613,623,3201,0,0,30
6721,617,611,619,3189,0,0,30
6722,617,609,618,3181,0,0,30
6723,618,623,622,3175,0,0,30
6724,616,616,621,3163,0,0,30
6725,613,612,625,3161,0,0,30
6726,608,613,621,3151,0,0,30
6727,614,613,625,3144,0,0,30
6728,619,610,626,3137,0,0,30
6729,613,615,628,3127,0,0,30
6730,614,610,627,3123,0,0,30
6731,618,614,628,3121,0,0,30
6732,620,610,632,3113,0,0,30
6733,613,615,632,3110,0,0,30
6734,615,613,639,3105,0,0,30
6735,614,608,632,3098,0,0,30
6736,618,613,631,3096,0,0,30
6737,611,615,635,3090,0,0,30
6738,617,609,633,3088,0,0,30
6739,619,610,632,3079,0,0,30
6740,619,610,631,3077,0,0,30
6741,614,609,629,3071,0,0,30
6742,620,609,630,3064,0,0,30
6743,611,603,628,3057,0,0,30
6744,621,604,622,3054,0,0,30
6745,623,613,624,3051,0,0,30
6746,615,608,623,3039,0,0,30
6747,617,609,624,3032,0,0,30
6748,617,613,619,3024,0,0,30
6749,611,610,620,3013,0,0,30
6750,615,617,621,3004,1,0,30
6751,614,614,618,2994,1,0,30
6752,614,611,621,2987,1,0,30
6753,615,612,618,2973,1,0,30
6754,617,598,617,2962,1,0,30
6755,614,615,621,2951,1,0,30
6756,616,602,616,2943,1,0,30
6757,616,613,620,2930,1,0,30
6758,615,609,619,2915,1,0,30
6759,616,618,617,2903,1,0,30
6760,622,612,620,2892,1,0,30
6761,615,614,617,2882,1,0,30
6762,618,610,617,2873,1,0,30
6763,615,611,617,2856,1,0,30
6764,614,611,615,2845,1,0,30
6765,619,615,618,2830,0,0,30
6766,614,613,618,2820,0,0,30
6767,613,617,618,2800,0,0,30
6768,616,614,617,2792,0,0,30
6769,611,611,618,2779,0,0,30
6770,620,609,619,2768,0,0,30
6771,609,612,615,2752,0,0,30
6772,614,621,620,2742,0,0,30
6773,616,604,627,2726,0,0,30
6774,615,594,607,2721,0,0,30
6775,616,613,617,2704,0,0,30
6776,615,604,611,2692,0,0,30
6777,618,606,618,2677,0,0,30
6778,616,607,621,2666,0,0,30
6779,618,607,617,2655,0,0,30
6780,622,612,618,2635,0,0,30
6781,614,620,615,2632,0,0,30
6782,618,611,620,2617,0,0,30
6783,615,613,620,2604,0,0,30
6784,610,611,618,2592,0,0,30
6785,618,612,622,2585,0,0,30
6786,618,608,624,2572,0,0,30
6787,613,616,620,2558,0,0,30
6788,620,612,623,2549,0,0,30
6789,614,603,622,2539,0,0,30
6790,615,607,621,2525,0,0,30
6791,613,621,625,2515,0,0,30
6792,612,610,619,2504,0,0,30
6793,615,610,627,2490,0,0,30
6794,617,613,620,2483,0,0,30
6795,617,615,616,2470,0,0,30
6796,616,589,620,2461,0,0,30
6797,621,624,622,2452,0,0,30
6798,616,609,620,2435,0,0,30
6799,615,620,619,2426,0,0,30
6800,613,613,616,2418,1,0,30
6801,615,625,619,2401,1,0,30
6802,611,605,618,2394,1,0,30
6803,617,612,616,2390,1,0,30
6804,618,606,619,2376,1,0,30
6805,615,611,617,2368,1,0,30
6806,614,610,619,2357,1,0,30
6807,611,601,617,2348,1,0,30
6808,617,613,618,2338,1,0,30
6809,613,611,618,2330,1,0,30
6810,614,608,610,2318,1,0,30
6811,614,609,618,2304,1,0,30
6812,615,611,616,2295,1,0,30
6813,621,615,616,2290,1,0,30
6814,618,613,614,2276,1,0,30
6815,612,610,616,2266,0,0,30
6816,608,612,613,2255,0,0,30
6817,616,610,616,2248,0,0,30
6818,611,616,613,2240,0,0,30
6819,616,607,615,2226,0,0,30
6820,607,614,613,2209,0,0,30
6821,616,614,612,2211,0,0,30
6822,618,625,616,2199,0,0,30
6823,617,610,613,2190,0,0,30
6824,615,612,613,2173,0,0,30
6825,618,597,612,2170,0,0,30
6826,618,614,614,2164,0,0,30
6827,614,613,615,2146,0,0,30
6828,621,615,612,2144,0,0,30
6829,615,611,613,2130,0,0,30
6830,617,610,615,2105,0,0,30
6831,626,605,616,2098,0,0,30
6832,617,618,617,2089,0,0,30
6833,612,617,615,2021,0,0,30
6834,615,611,613,2008,0,0,30
6835,626,609,616,2005,0,0,30
6836,621,610,619,1993,0,0,30
6837,620,599,612,1986,0,0,30
6838,617,614,615,1976,0,0,30
6839,617,614,614,1967,0,0,30
6840,622,612,613,1957,0,0,30
6841,613,610,612,1950,0,0,30
6842,609,613,620,1941,0,0,30
6843,613,606,612,1930,0,0,30
6844,617,609,614,1924,0,0,30
6845,613,615,614,1917,0,0,30
6846,615,613,609,1907,0,0,30
6847,612,612,612,1885,0,0,30
6848,617,613,610,1887,0,0,30
6849,619,617,612,1877,0,0,30
6850,610,605,613,1870,1,0,30
6851,615,611,609,1858,1,0,30
6852,610,612,610,1849,1,0,30
6853,615,620,611,1837,1,0,30
6854,617,615,619,1830,1,0,30
6855,615,609,606,1818,1,0,30
6856,615,613,611,1812,1,0,30
6857,613,612,613,1800,1,0,30
6858,614,614,611,1796,1,0,30
6859,614,613,610,1788,1,0,30
6860,610,610,612,1769,1,0,30
6861,619,608,615,1762,1,0,30
6862,617,615,616,1749,1,0,30
6863,610,609,616,1746,1,0,30
6864,609,611,614,1733,1,0,30
6865,615,613,616,1722,0,0,30
6866,616,611,615,1712,0,0,30
6867,611,605,614,1705,0,0,30
6868,616,610,615,1696,0,0,30
6869,613,613,616,1688,0,0,30
6870,616,610,619,1673,0,0,30
6871,613,609,614,1666,0,0,30
6872,617,608,615,1659,0,0,30
6873,614,610,616,1645,0,0,30
6874,613,618,615,1643,0,0,30
6875,611,611,616,1630,0,0,30
6876,613,612,613,1619,0,0,30
6877,615,611,610,1607,0,0,30
6878,621,611,613,1601,0,0,30
6879,613,597,612,1591,0,0,30
6880,616,612,609,1582,0,0,30
6881,606,610,605,1574,0,0,30
6882,616,613,611,1560,0,0,30
6883,617,611,606,1556,0,0,30
6884,612,610,611,1546,0,0,30
6885,614,610,610,1533,0,0,30
6886,623,622,614,1527,0,0,30
6887,617,608,610,1516,0,0,30
6888,622,613,607,1506,0,0,30
6889,616,615,610,1498,0,0,30
6890,612,613,606,1486,0,0,30
6891,623,605,603,1480,0,0,30
6892,623,605,606,1471,0,0,30
6893,611,613,602,1462,0,0,30
6894,614,613,599,1456,0,0,30
6895,618,615,600,1439,0,0,30
6896,617,611,601,1440,0,0,30
6897,614,611,602,1429,0,0,30
6898,606,615,605,1418,0,0,30
6899,613,612,600,1410,0,0,30
6900,619,612,607,1403,1,0,30
6901,608,611,600,1397,1,0,30
6902,621,612,603,1390,1,0,30
6903,616,609,601,1382,1,0,30
6904,619,611,599,1374,1,0,30
6905,599,612,601,1367,1,0,30
6906,608,613,602,1373,1,0,30
6907,617,611,601,1351,1,0,30
6908,608,612,602,1345,1,0,30
6909,618,618,598,1338,1,0,30
6910,616,609,604,1333,1,0,30
6911,616,608,601,1329,1,0,30
6912,619,616,601,1321,1,0,30
6913,616,610,602,1315,1,0,30
6914,614,613,601,1314,1,0,30
6915,617,622,601,1307,0,0,30
6916,621,615,601,1298,0,0,30
6917,620,614,602,1296,0,0,30
6918,616,612,602,1290,0,0,30
6919,615,608,600,1284,0,0,30
6920,618,611,602,1279,0,0,30
6921,622,614,603,1274,0,0,30
6922,619,615,602,1269,0,0,30
6923,610,608,597,1266,0,0,30
6924,615,613,598,1259,0,0,30
6925,612,606,596,1254,0,0,30
6926,613,610,598,1249,0,0,30
6927,616,605,596,1240,0,0,30
6928,619,617,594,1241,0,0,30
6929,616,614,594,1232,0,0,30
6930,612,611,595,1233,0,0,30
6931,614,612,591,1226,0,0,30
6932,619,612,592,1224,0,0,30
6933,613,611,593,1217,0,0,30
6934,617,611,592,1210,0,0,30
6935,616,611,581,1206,0,0,30
6936,621,610,596,1202,0,0,30
6937,617,613,592,1201,0,0,30
6938,613,616,589,1197,0,0,30
6939,613,611,591,1192,0,0,30
6940,617,613,585,1188,0,0,30
6941,612,606,592,1181,0,0,30
6942,611,616,586,1176,0,0,30
6943,612,611,587,1174,0,0,30
6944,619,614,587,1173,0,0,30
6945,616,610,588,1170,0,0,30
6946,617,606,586,1170,0,0,30
6947,613,614,590,1163,0,0,30
6948,614,610,586,1159,0,0,30
6949,616,612,584,1159,0,0,30
6950,615,609,583,1155,1,0,30
6951,614,616,589,1153,1,0,30
6952,614,618,584,1151,1,0,30
6953,621,607,586,1151,1,0,30
6954,616,609,583,1147,1,0,30
6955,610,611,584,1147,1,0,30
6956,613,613,585,1143,1,0,30
6957,616,603,590,1141,1,0,30
6958,614,607,583,1142,1,0,30
6959,616,609,586,1140,1,0,30
6960,619,611,584,1139,1,0,30
6961,613,611,580,1139,1,0,30
6962,611,611,585,1136,1,0,30
6963,612,612,577,1144,1,0,30
6964,617,609,587,1136,1,0,30
6965,617,612,583,1135,0,0,30
6966,614,598,585,1135,0,0,30
6967,617,618,584,1130,0,0,30
6968,619,615,583,1137,0,0,30
6969,619,609,584,1132,0,0,30
6970,616,611,581,1138,0,0,30
6971,615,609,583,1138,0,0,30
6972,614,608,578,1133,0,0,30
6973,619,605,579,1133,0,0,30
6974,600,616,581,1136,0,0,30
6975,620,614,577,1128,0,0,30
6976,616,613,575,1136,0,0,30
6977,620,607,573,1139,0,0,30
6978,615,605,574,1137,0,0,30
6979,615,613,575,1133,0,0,30
6980,607,612,572,1132,0,0,30
6981,614,613,573,1135,0,0,30
6982,616,611,574,1140,0,0,30
6983,615,616,569,1134,0,0,30
6984,620,607,571,1136,0,0,30
6985,618,612,567,1134,0,0,30
6986,614,603,569,1136,0,0,30
6987,618,608,567,1136,0,0,30
6988,619,613,567,1133,0,0,30
6989,617,612,566,1130,0,0,30
6990,611,610,567,1135,0,0,30
6991,618,611,562,1136,0,0,30
6992,616,614,562,1136,0,0,30
6993,613,613,563,1136,0,0,30
6994,622,610,562,1133,0,0,30
6995,613,619,561,1132,0,0,30
6996,620,610,562,1132,0,0,30
6997,621,614,557,1133,0,0,30
6998,614,610,559,1135,0,0,30
6999,620,613,561,1134,0,0,30
7000,621,608,556,1134,1,0,30
7001,612,608,557,1134,1,0,30
7002,609,609,558,1134,1,0,30
7003,616,612,554,1138,1,0,30
7004,620,610,558,1133,1,0,30
7005,617,614,553,1139,1,0,30
7006,616,606,554,1140,1,0,30
7007,612,610,553,1136,1,0,30
7008,613,605,551,1139,1,0,30
7009,615,607,555,1134,1,0,30
7010,615,607,552,1137,1,0,30
7011,609,608,550,1142,1,0,30
7012,615,612,546,1141,1,0,30
7013,615,613,546,1136,1,0,30
7014,613,611,546,1137,1,0,30
7015,618,607,547,1137,0,0,30
7016,617,607,547,1135,0,0,30
7017,613,608,544,1134,0,0,30
7018,617,607,547,1136,0,0,30
7019,619,613,543,1137,0,0,30
7020,616,612,547,1135,0,0,30
7021,616,609,546,1139,0,0,30
7022,611,626,546,1134,0,0,30
7023,615,612,546,1136,0,0,30
7024,614,608,543,1134,0,0,30
7025,620,608,543,1137,0,0,30
7026,615,610,541,1138,0,0,30
7027,616,608,543,1138,0,0,30
7028,620,615,542,1130,0,0,30
7029,612,613,540,1134,0,0,30
7030,619,617,542,1137,0,0,30
7031,617,609,538,1138,0,0,30
7032,612,614,544,1138,0,0,30
7033,616,613,539,1137,0,0,30
7034,620,612,539,1133,0,0,30
7035,615,614,538,1144,0,0,30
7036,616,620,540,1138,0,0,30
7037,629,612,537,1140,0,0,30
7038,617,607,536,1138,0,0,30
7039,624,615,540,1137,0,0,30
7040,614,609,540,1137,0,0,30
7041,617,614,539,1135,0,0,30
7042,615,614,540,1138,0,0,30
7043,614,615,541,1135,0,0,30
7044,619,620,539,1138,0,0,30
7045,615,613,543,1134,0,0,30
7046,618,612,541,1134,0,0,30
7047,611,607,542,1139,0,0,30
7048,619,618,539,1136,0,0,30
7049,601,611,540,1138,0,0,30
7050,620,612,541,1138,1,0,30
7051,617,610,541,1133,1,0,30
7052,615,610,532,1135,1,0,30
7053,617,611,540,1138,1,0,30
7054,615,613,538,1138,1,0,30
7055,614,612,541,1141,1,0,30
7056,607,612,537,1138,1,0,30
7057,613,610,540,1140,1,0,30
7058,615,609,538,1141,1,0,30
7059,613,609,538,1138,1,0,30
7060,619,613,539,1139,1,0,30
7061,605,610,535,1137,1,0,30
7062,610,611,539,1141,1,0,30
7063,614,607,538,1137,1,0,30
7064,599,614,546,1142,1,0,30
7065,615,607,537,1134,0,0,30
7066,613,608,539,1140,0,0,30
7067,617,604,538,1139,0,0,30
7068,623,604,541,1138,0,0,30
7069,613,608,541,1137,0,0,30
7070,617,608,542,1137,0,0,30
7071,618,611,537,1136,0,0,30
7072,617,615,541,1141,0,0,30
7073,615,609,540,1134,0,0,30
7074,619,611,540,1137,0,0,30
7075,606,613,540,1133,0,0,30
7076,612,618,539,1138,0,0,30
7077,619,614,539,1143,0,0,30
7078,617,611,540,1139,0,0,30
7079,615,624,539,1140,0,0,30
7080,621,613,541,1135,0,0,30
7081,613,618,540,1139,0,0,30
7082,614,609,539,1139,0,0,30
7083,619,609,542,1148,0,0,30
7084,617,608,539,1137,0,0,30
7085,616,614,539,1136,0,0,30
7086,615,610,540,1138,0,0,30
7087,616,610,536,1140,0,0,30
7088,618,609,542,1138,0,0,30
7089,618,612,540,1143,0,0,30
7090,613,610,542,1138,0,0,30
7091,610,616,538,1141,0,0,30
7092,617,613,543,1141,0,0,30
7093,616,612,541,1140,0,0,30
7094,618,613,541,1139,0,0,30
7095,614,611,540,1140,0,0,30
7096,617,611,537,1138,0,0,30
7097,614,611,541,1139,0,0,30
7098,615,607,536,1140,0,0,30
7099,618,609,537,1140,0,0,30
7100,619,621,542,1139,1,0,30
7101,618,614,538,1142,1,0,30
7102,621,606,541,1138,1,0,30
7103,613,609,540,1136,1,0,30
7104,614,612,537,1138,1,0,30
7105,614,610,542,1140,1,0,30
7106,611,608,539,1146,1,0,30
7107,617,609,541,1144,1,0,30
7108,615,609,539,1135,1,0,30
7109,619,606,537,1139,1,0,30
7110,621,610,538,1138,1,0,30
7111,619,609,541,1142,1,0,30
7112,615,602,537,1139,1,0,30
7113,614,610,537,1141,1,0,30
7114,614,609,544,1137,1,0,30
7115,614,605,537,1138,0,0,30
7116,618,611,538,1139,0,0,30
7117,616,613,538,1135,0,0,30
7118,613,607,540,1136,0,0,30
7119,618,613,539,1140,0,0,30
7120,612,612,540,1140,0,0,30
7121,617,614,542,1137,0,0,30
7122,616,611,535,1137,0,0,30
7123,617,607,540,1142,0,0,30
7124,615,608,541,1141,0,0,30
7125,619,609,540,1137,0,0,30
7126,625,610,541,1139,0,0,30
7127,613,612,534,1142,0,0,30
7128,613,611,541,1142,0,0,30
7129,618,611,539,1146,0,0,30
7130,619,606,538,1137,0,0,30
7131,619,613,538,1135,0,0,30
7132,623,607,539,1136,0,0,30
7133,616,621,540,1141,0,0,30
7134,621,612,534,1137,0,0,30
7135,619,609,540,1139,0,0,30
7136,616,609,541,1137,0,0,30
7137,616,614,541,1137,0,0,30
7138,611,606,538,1140,0,0,30
7139,612,610,541,1140,0,0,30
7140,617,600,542,1137,0,0,30
7141,614,613,546,1138,0,0,30
7142,614,611,538,1138,0,0,30
7143,618,616,541,1139,0,0,30
7144,616,612,542,1135,0,0,30
7145,613,614,540,1133,0,0,30
7146,613,612,541,1137,0,0,30
7147,619,615,539,1138,0,0,30
7148,612,615,538,1138,0,0,30
7149,617,609,538,1137,0,0,30
7150,616,608,539,1135,1,0,30
7151,616,610,538,1141,1,0,30
7152,614,605,540,1142,1,0,30
7153,616,614,540,1137,1,0,30
7154,620,612,541,1140,1,0,30
7155,613,611,540,1138,1,0,30
7156,616,612,539,1139,1,0,30
7157,620,611,539,1137,1,0,30
7158,619,621,539,1139,1,0,30
7159,614,608,538,1139,1,0,30
7160,613,612,541,1132,1,0,30
7161,612,609,540,1140,1,0,30
7162,612,612,537,1141,1,0,30
7163,615,610,537,1137,1,0,30
7164,613,614,540,1136,1,0,30
7165,614,606,537,1139,0,0,30
7166,613,605,541,1137,0,0,30
7167,614,612,539,1135,0,0,30
7168,615,612,542,1138,0,0,30
7169,618,611,537,1138,0,0,30
7170,615,613,544,1141,0,0,30
7171,617,610,538,1138,0,0,30
7172,613,611,539,1136,0,0,30
7173,620,615,540,1132,0,0,30
7174,620,612,541,1139,0,0,30
7175,617,614,540,1136,0,0,30
7176,614,610,541,1139,0,0,30
7177,616,612,538,1138,0,0,30
7178,608,608,540,1136,0,0,30
7179,608,606,539,1139,0,0,30
7180,615,609,541,1136,0,0,30
7181,615,611,538,1138,0,0,30
7182,614,607,544,1139,0,0,30
7183,618,614,542,1133,0,0,30
7184,615,614,538,1137,0,0,30
7185,619,612,538,1139,0,0,30
7186,617,610,542,1139,0,0,30
7187,614,617,538,1141,0,0,30
7188,617,610,540,1143,0,0,30
7189,619,608,539,1148,0,0,30
7190,617,612,540,1140,0,0,30
7191,621,611,540,1139,0,0,30
7192,624,610,542,1140,0,0,30
7193,618,622,546,1137,0,0,30
7194,612,607,537,1138,0,0,30
7195,614,612,537,1138,0,0,30
7196,616,612,541,1140,0,0,30
7197,615,609,541,1139,0,0,30
7198,615,614,539,1139,0,0,30
7199,615,618,541,1137,0,0,30
7200,616,610,538,1138,1,0,30
7201,618,611,538,1134,1,0,30
7202,608,612,540,1139,1,0,30
7203,610,612,535,1136,1,0,30
7204,614,611,537,1138,1,0,30
7205,612,613,536,1137,1,0,30
7206,613,607,537,1139,1,0,30
7207,616,609,540,1138,1,0,30
7208,616,610,539,1140,1,0,30
7209,616,608,538,1137,1,0,30
7210,613,612,538,1143,1,0,30
7211,616,612,538,1139,1,0,30
7212,614,619,539,1141,1,0,30
7213,618,610,541,1139,1,0,30
7214,616,608,537,1139,1,0,30
7215,615,613,540,1135,0,0,30
7216,619,608,540,1139,0,0,30
7217,616,593,541,1138,0,0,30
7218,612,611,535,1134,0,0,30
7219,610,609,541,1139,0,0,30
7220,614,608,536,1142,0,0,30
7221,614,613,540,1137,0,0,30
7222,614,611,542,1137,0,0,30
7223,617,605,537,1137,0,0,30
7224,624,614,538,1138,0,0,30
7225,621,611,539,1138,0,0,30
7226,614,610,541,1139,0,0,30
7227,619,609,538,1136,0,0,30
7228,620,615,539,1133,0,0,30
7229,616,613,540,1140,0,0,30
7230,615,613,540,1137,0,0,30
7231,618,610,543,1138,0,0,30
7232,617,610,541,1133,0,0,30
7233,616,612,541,1141,0,0,30
7234,620,612,539,1139,0,0,30
7235,617,614,541,1137,0,0,30
7236,616,615,541,1141,0,0,30
7237,615,612,539,1139,0,0,30
7238,612,609,540,1138,0,0,30
7239,614,614,537,1139,0,0,30
7240,616,608,541,1140,0,0,30
7241,621,613,539,1125,0,0,30
7242,615,621,539,1139,0,0,30
7243,618,607,538,1139,0,0,30
7244,616,608,544,1138,0,0,30
7245,619,614,538,1140,0,0,30
7246,619,612,542,1138,0,0,30
7247,617,612,540,1140,0,0,30
7248,616,610,543,1141,0,0,30
7249,618,604,537,1140,0,0,30
7250,613,601,535,1138,1,0,30
7251,615,619,540,1139,1,0,30
7252,616,611,539,1138,1,0,30
7253,614,611,539,1137,1,0,30
7254,615,615,541,1138,1,0,30
7255,611,612,544,1139,1,0,30
7256,614,611,541,1138,1,0,30
7257,612,608,540,1127,1,0,30
7258,616,614,538,1139,1,0,30
7259,614,611,541,1139,1,0,30
7260,614,602,540,1146,1,0,30
7261,613,609,539,1137,1,0,30
7262,610,611,542,1140,1,0,30
7263,614,614,538,1138,1,0,30
7264,621,608,539,1140,1,0,30
7265,619,611,538,1139,0,0,30
7266,612,611,539,1146,0,0,30
7267,615,612,536,1138,0,0,30
7268,616,617,537,1138,0,0,30
7269,615,608,544,1137,0,0,30
7270,614,607,541,1143,0,0,30
7271,623,607,541,1138,0,0,30
7272,616,611,540,1137,0,0,30
7273,616,610,539,1138,0,0,30
7274,614,602,541,1141,0,0,30
7275,618,612,539,1141,0,0,30
7276,626,605,535,1138,0,0,30
7277,613,612,542,1138,0,0,30
7278,615,613,541,1139,0,0,30
7279,611,610,540,1138,0,0,30
7280,617,610,542,1140,0,0,30
7281,605,611,540,1138,0,0,30
7282,616,608,539,1138,0,0,30
7283,617,607,538,1139,0,0,30
7284,618,602,540,1138,0,0,30
7285,616,601,538,1145,0,0,30
7286,614,612,538,1142,0,0,30
7287,610,610,539,1136,0,0,30
7288,611,613,541,1138,0,0,30
7289,617,613,534,1139,0,0,30
7290,620,601,537,1138,0,0,30
7291,614,613,538,1138,0,0,30
7292,615,611,537,1139,0,0,30
7293,615,610,538,1140,0,0,30
7294,613,609,539,1136,0,0,30
7295,616,610,540,1139,0,0,30
7296,615,611,537,1137,0,0,30
7297,617,613,538,1139,0,0,30
7298,618,610,541,1138,0,0,30
7299,617,614,539,1137,0,0,30
7300,621,611,539,1139,1,0,30
7301,612,609,539,1131,1,0,30
7302,616,612,538,1138,1,0,30
7303,614,613,536,1138,1,0,30
7304,613,610,537,1138,1,0,30
7305,613,615,542,1143,1,0,30
7306,613,609,538,1140,1,0,30
7307,617,614,540,1140,1,0,30
7308,614,611,539,1140,1,0,30
7309,614,611,539,1140,1,0,30
7310,615,610,541,1140,1,0,30
7311,613,610,541,1140,1,0,30
7312,614,610,540,1137,1,0,30
7313,609,610,548,1140,1,0,30
7314,613,606,540,1137,1,0,30
7315,617,611,540,1139,0,0,30
7316,614,610,539,1140,0,0,30
7317,615,612,538,1138,0,0,30
7318,615,613,540,1137,0,0,30
7319,614,610,544,1138,0,0,30
7320,614,615,540,1141,0,0,30
7321,613,611,537,1136,0,0,30
7322,614,611,539,1133,0,0,30
7323,618,612,539,1140,0,0,30
7324,609,612,545,1140,0,0,30
7325,615,613,539,1142,0,0,30
7326,616,614,542,1138,0,0,30
7327,617,614,539,1135,0,0,30
7328,613,608,538,1140,0,0,30
7329,612,612,537,1142,0,0,30
7330,617,610,543,1136,0,0,30
7331,620,614,537,1140,0,0,30
7332,621,609,541,1142,0,0,30
7333,619,617,542,1137,0,0,30
7334,609,612,538,1138,0,0,30
7335,617,611,546,1139,0,0,30
7336,613,612,540,1139,0,0,30
7337,611,609,539,1138,0,0,30
7338,620,607,538,1139,0,0,30
7339,624,613,540,1138,0,0,30
7340,616,611,540,1139,0,0,30
7341,614,607,540,1140,0,0,30
7342,616,617,537,1140,0,0,30
7343,616,611,539,1137,0,0,30
7344,615,615,543,1140,0,0,30
7345,616,613,542,1139,0,0,30
7346,615,615,541,1138,0,0,30
7347,620,609,542,1134,0,0,30
7348,619,608,539,1137,0,0,30
7349,620,612,542,1138,0,0,30
7350,610,601,540,1139,1,0,30
7351,618,607,538,1137,1,0,30
7352,608,611,543,1139,1,0,30
7353,614,610,540,1137,1,0,30
7354,612,609,540,1140,1,0,30
7355,618,604,539,1139,1,0,30
7356,616,613,543,1141,1,0,30
7357,619,615,538,1139,1,0,30
7358,614,610,540,1138,1,0,30
7359,617,614,539,1138,1,0,30
7360,613,611,540,1135,1,0,30
7361,608,616,538,1139,1,0,30
7362,614,613,541,1138,1,0,30
7363,618,613,536,1138,1,0,30
7364,617,615,535,1137,1,0,30
7365,617,607,540,1142,0,0,30
7366,615,612,542,1142,0,0,30
7367,610,612,540,1138,0,0,30
7368,618,608,542,1140,0,0,30
7369,617,614,537,1137,0,0,30
7370,607,613,540,1139,0,0,30
7371,620,602,538,1138,0,0,30
7372,619,610,541,1134,0,0,30
7373,616,606,537,1133,0,0,30
7374,613,612,539,1139,0,0,30
7375,622,614,541,1138,0,0,30
7376,615,610,538,1150,0,0,30
7377,613,613,537,1138,0,0,30
7378,616,611,541,1137,0,0,30
7379,615,611,531,1139,0,0,30
7380,615,622,539,1138,0,0,30
7381,616,612,540,1141,0,0,30
7382,618,616,540,1137,0,0,30
7383,616,611,539,1140,0,0,30
7384,614,612,542,1136,0,0,30
7385,615,608,541,1139,0,0,30
7386,614,610,540,1137,0,0,30
7387,614,618,539,1137,0,0,30
7388,612,607,539,1138,0,0,30
7389,621,610,534,1137,0,0,30
7390,615,614,539,1137,0,0,30
7391,612,613,538,1143,0,0,30
7392,613,614,541,1137,0,0,30
7393,612,610,540,1137,0,0,30
7394,614,611,538,1142,0,0,30
7395,616,609,539,1137,0,0,30
7396,618,607,537,1150,0,0,30
7397,617,610,540,1136,0,0,30
7398,619,610,541,1138,0,0,30
7399,618,611,538,1138,0,0,30
7400,617,610,539,1137,1,0,30
7401,616,613,543,1137,1,0,30
7402,613,618,538,1142,1,0,30
7403,609,613,541,1139,1,0,30
7404,614,614,538,1139,1,0,30
7405,615,610,546,1138,1,0,30
7406,617,616,537,1137,1,0,30
7407,612,612,541,1140,1,0,30
7408,617,615,540,1138,1,0,30
7409,612,607,545,1138,1,0,30
7410,615,614,539,1140,1,0,30
7411,617,615,542,1129,1,0,30
7412,614,614,544,1137,1,0,30
7413,613,604,535,1141,1,0,30
7414,619,615,540,1139,1,0,30
7415,619,612,538,1147,0,0,30
7416,614,610,538,1139,0,0,30
7417,614,610,537,1139,0,0,30
7418,616,610,538,1137,0,0,30
7419,613,611,540,1142,0,0,30
7420,616,613,543,1136,0,0,30
7421,615,617,541,1137,0,0,30
7422,622,610,540,1143,0,0,30
7423,618,611,544,1138,0,0,30
7424,620,612,541,1140,0,0,30
7425,611,614,540,1143,0,0,30
7426,610,613,542,1138,0,0,30
7427,615,618,540,1139,0,0,30
7428,621,612,538,1137,0,0,30
7429,616,613,540,1137,0,0,30
7430,616,604,539,1140,0,0,30
7431,622,616,539,1140,0,0,30
7432,615,609,537,1137,0,0,30
7433,614,609,538,1139,0,0,30
7434,618,595,541,1134,0,0,30
7435,613,609,544,1138,0,0,30
7436,615,611,533,1136,0,0,30
7437,609,609,537,1138,0,0,30
7438,616,608,539,1146,0,0,30
7439,620,613,540,1137,0,0,30
7440,618,610,540,1139,0,0,30
7441,618,613,539,1139,0,0,30
7442,623,616,543,1136,0,0,30
7443,617,612,540,1139,0,0,30
7444,612,611,539,1138,0,0,30
7445,614,612,547,1139,0,0,30
7446,616,610,540,1139,0,0,30
7447,617,610,538,1138,0,0,30
7448,612,612,540,1142,0,0,30
7449,617,613,540,1135,0,0,30
7450,614,613,539,1139,1,0,30
7451,613,614,542,1140,1,0,30
7452,619,617,540,1137,1,0,30
7453,615,615,539,1139,1,0,30
7454,607,615,539,1139,1,0,30
7455,611,610,539,1137,1,0,30
7456,623,602,539,1142,1,0,30
7457,615,610,538,1140,1,0,30
7458,615,611,540,1141,1,0,30
7459,611,617,539,1142,1,0,30
7460,615,612,540,1140,1,0,30
7461,615,599,540,1141,1,0,30
7462,622,625,540,1140,1,0,30
7463,616,610,534,1141,1,0,30
7464,612,611,539,1138,1,0,30
7465,613,617,538,1136,0,0,30
7466,621,607,539,1141,0,0,30
7467,613,607,547,1142,0,0,30
7468,615,605,538,1140,0,0,30
7469,613,613,538,1137,0,0,30
7470,615,605,538,1137,0,0,30
7471,617,608,538,1140,0,0,30
7472,620,600,542,1138,0,0,30
7473,615,613,539,1138,0,0,30
7474,615,619,541,1138,0,0,30
7475,616,607,539,1140,0,0,30
7476,614,611,540,1139,0,0,30
7477,616,611,540,1137,0,0,30
7478,617,618,539,1140,0,0,30
7479,615,615,540,1138,0,0,30
7480,616,611,537,1134,0,0,30
7481,617,615,544,1143,0,0,30
7482,616,615,542,1141,0,0,30
7483,620,605,541,1139,0,0,30
7484,615,607,541,1146,0,0,30
7485,614,612,534,1141,0,0,30
7486,623,612,538,1139,0,0,30
7487,614,606,538,1139,0,0,30
7488,617,613,538,1138,0,0,30
7489,615,614,538,1139,0,0,30
7490,614,607,538,1140,0,0,30
7491,616,612,539,1138,0,0,30
7492,616,603,534,1139,0,0,30
7493,612,616,538,1139,0,0,30
7494,612,615,539,1140,0,0,30
7495,616,612,538,1142,0,0,30
7496,627,608,538,1139,0,0,30
7497,615,611,540,1139,0,0,30
7498,615,604,538,1135,0,0,30
7499,613,612,540,1139,0,0,30
7500,618,607,539,1144,1,0,30
7501,613,609,536,1136,1,0,30
7502,614,607,538,1141,1,0,30
7503,613,613,536,1139,1,0,30
7504,614,612,542,1139,1,0,30
7505,616,617,539,1140,1,0,30
7506,618,614,536,1139,1,0,30
7507,615,612,538,1138,1,0,30
7508,615,615,537,1142,1,0,30
7509,613,612,540,1136,1,0,30
7510,615,606,539,1137,1,0,30
7511,613,613,538,1138,1,0,30
7512,614,616,537,1140,1,0,30
7513,613,611,541,1141,1,0,30
7514,614,613,538,1140,1,0,30
7515,616,612,540,1137,0,0,30
7516,607,614,539,1139,0,0,30
7517,615,610,544,1131,0,0,30
7518,615,609,541,1139,0,0,30
7519,617,609,538,1140,0,0,30
7520,617,611,538,1137,0,0,30
7521,622,609,538,1136,0,0,30
7522,615,620,541,1136,0,0,30
7523,615,620,542,1138,0,0,30
7524,613,612,538,1131,0,0,30
7525,619,617,537,1138,0,0,30
7526,616,614,541,1139,0,0,30
7527,613,609,539,1139,0,0,30
7528,616,616,539,1139,0,0,30
7529,617,613,541,1141,0,0,30
7530,621,612,542,1140,0,0,30
7531,624,612,541,1150,0,0,30
7532,612,610,540,1139,0,0,30
7533,614,593,537,1135,0,0,30
7534,620,613,538,1139,0,0,30
7535,612,613,538,1146,0,0,30
7536,623,609,541,1139,0,0,30
7537,615,606,540,1140,0,0,30
7538,612,614,540,1135,0,0,30
7539,619,609,538,1137,0,0,30
7540,618,606,540,1138,0,0,30
7541,613,613,539,1136,0,0,30
7542,611,610,539,1139,0,0,30
7543,615,616,540,1136,0,0,30
7544,621,608,540,1139,0,0,30
7545,611,612,545,1136,0,0,30
7546,618,613,540,1137,0,0,30
7547,615,607,539,1140,0,0,30
7548,614,631,538,1138,0,0,30
7549,614,612,541,1137,0,0,30
7550,616,622,540,1139,1,0,30
7551,614,610,537,1137,1,0,30
7552,614,613,542,1140,1,0,30
7553,614,610,542,1139,1,0,30
7554,617,612,540,1137,1,0,30
7555,617,613,539,1138,1,0,30
7556,616,615,542,1140,1,0,30
7557,613,608,543,1137,1,0,30
7558,610,612,535,1139,1,0,30
7559,614,607,541,1135,1,0,30
7560,614,607,539,1140,1,0,30
7561,612,611,543,1140,1,0,30
7562,623,609,540,1136,1,0,30
7563,615,608,539,1138,1,0,30
7564,619,614,537,1140,1,0,30
7565,616,609,540,1139,0,0,30
7566,616,615,542,1137,0,0,30
7567,616,609,541,1146,0,0,30
7568,617,615,537,1138,0,0,30
7569,615,608,538,1136,0,0,30
7570,618,612,540,1136,0,0,30
7571,617,615,539,1136,0,0,30
7572,620,611,540,1136,0,0,30
7573,615,612,544,1132,0,0,30
7574,612,609,539,1137,0,0,30
7575,615,619,538,1135,0,0,30
7576,614,614,541,1137,0,0,30
7577,611,611,537,1139,0,0,30
7578,615,610,538,1140,0,0,30
7579,617,610,539,1137,0,0,30
7580,616,612,538,1140,0,0,30
7581,621,611,539,1141,0,0,30
7582,619,613,541,1138,0,0,30
7583,612,612,541,1139,0,0,30
7584,605,611,542,1135,0,0,30
7585,611,593,540,1142,0,0,30
7586,619,613,541,1137,0,0,30
7587,617,616,539,1139,0,0,30
7588,615,613,533,1142,0,0,30
7589,619,608,539,1140,0,0,30
7590,612,612,540,1142,0,0,30
7591,623,614,539,1139,0,0,30
7592,612,614,541,1137,0,0,30
7593,617,606,542,1136,0,0,30
7594,607,612,541,1140,0,0,30
7595,622,607,542,1143,0,0,30
7596,618,615,541,1140,0,0,30
7597,614,615,547,1137,0,0,30
7598,617,609,533,1137,0,0,30
7599,616,612,539,1137,0,0,30
7600,614,614,541,1138,1,0,30
7601,611,615,539,1147,1,0,30
7602,617,611,541,1139,1,0,30
7603,623,610,540,1136,1,0,30
7604,620,612,540,1136,1,0,30
7605,611,611,539,1139,1,0,30
7606,603,616,538,1138,1,0,30
7607,616,616,536,1139,1,0,30
7608,618,612,540,1138,1,0,30
7609,613,609,538,1140,1,0,30
7610,610,611,534,1138,1,0,30
7611,606,611,539,1144,1,0,30
7612,619,612,536,1141,1,0,30
7613,613,607,537,1134,1,0,30
7614,616,612,537,1142,1,0,30
7615,615,602,545,1139,0,0,30
7616,609,611,537,1139,0,0,30
7617,611,613,542,1140,0,0,30
7618,615,606,539,1136,0,0,30
7619,620,611,540,1140,0,0,30
7620,616,611,538,1139,0,0,30
7621,615,613,534,1139,0,0,30
7622,615,613,542,1143,0,0,30
7623,614,606,538,1138,0,0,30
7624,618,609,539,1137,0,0,30
7625,619,613,540,1142,0,0,30
7626,615,612,540,1139,0,0,30
7627,610,613,540,1137,0,0,30
7628,616,614,539,1138,0,0,30
7629,615,607,536,1140,0,0,30
7630,619,610,542,1146,0,0,30
7631,615,609,537,1138,0,0,30
7632,617,610,541,1137,0,0,30
7633,614,611,540,1141,0,0,30
7634,617,631,540,1142,0,0,30
7635,609,616,541,1138,0,0,30
7636,616,603,538,1137,0,0,30
7637,614,608,541,1137,0,0,30
7638,613,609,545,1138,0,0,30
7639,615,612,539,1137,0,0,30
7640,614,609,537,1137,0,0,30
7641,612,614,540,1139,0,0,30
7642,616,609,537,1136,0,0,30
7643,617,605,540,1137,0,0,30
7644,626,609,538,1138,0,0,30
7645,613,619,540,1138,0,0,30
7646,614,611,536,1138,0,0,30
7647,615,601,538,1134,0,0,30
7648,620,612,540,1137,0,0,30
7649,618,615,539,1135,0,0,30
7650,615,624,537,1139,1,0,30
7651,617,610,540,1137,1,0,30
7652,612,613,538,1139,1,0,30
7653,617,616,536,1138,1,0,30
7654,613,608,536,1139,1,0,30
7655,608,610,540,1137,1,0,30
7656,614,608,540,1136,1,0,30
7657,610,607,541,1141,1,0,30
7658,618,614,539,1139,1,0,30
7659,617,607,541,1138,1,0,30
7660,617,611,539,1141,1,0,30
7661,613,614,540,1138,1,0,30
7662,611,616,543,1138,1,0,30
7663,615,612,541,1137,1,0,30
7664,622,609,537,1141,1,0,30
7665,610,613,540,1138,0,0,30
7666,616,611,538,1138,0,0,30
7667,616,606,539,1139,0,0,30
7668,614,610,539,1141,0,0,30
7669,609,611,542,1136,0,0,30
7670,619,614,539,1139,0,0,30
7671,621,612,537,1137,0,0,30
7672,616,605,540,1137,0,0,30
7673,618,615,540,1138,0,0,30
7674,611,612,539,1139,0,0,30
7675,617,622,540,1139,0,0,30
7676,615,622,540,1140,0,0,30
7677,618,615,538,1143,0,0,30
7678,612,612,538,1137,0,0,30
7679,622,612,538,1137,0,0,30
7680,621,603,538,1139,0,0,30
7681,616,614,538,1140,0,0,30
7682,617,601,539,1128,0,0,30
7683,612,612,540,1149,0,0,30
7684,615,612,539,1139,0,0,30
7685,614,613,531,1139,0,0,30
7686,616,611,539,1137,0,0,30
7687,617,611,537,1138,0,0,30
7688,614,613,537,1139,0,0,30
7689,626,609,536,1137,0,0,30
7690,617,616,539,1127,0,0,30
7691,620,607,539,1137,0,0,30
7692,613,614,540,1139,0,0,30
7693,615,606,538,1137,0,0,30
7694,617,613,537,1140,0,0,30
7695,618,616,538,1137,0,0,30
7696,613,613,540,1142,0,0,30
7697,619,608,539,1142,0,0,30
7698,616,611,541,1140,0,0,30
7699,614,613,538,1139,0,0,30
7700,613,614,538,1139,1,0,30
7701,630,611,540,1139,1,0,30
7702,617,608,544,1140,1,0,30
7703,619,604,538,1140,1,0,30
7704,615,615,539,1137,1,0,30
7705,618,608,540,1142,1,0,30
7706,606,611,536,1139,1,0,30
7707,614,614,540,1139,1,0,30
7708,613,612,540,1141,1,0,30
7709,616,617,537,1137,1,0,30
7710,610,615,538,1138,1,0,30
7711,622,610,539,1137,1,0,30
7712,615,603,537,1139,1,0,30
7713,618,608,539,1139,1,0,30
7714,622,612,538,1138,1,0,30
7715,613,614,537,1141,0,0,30
7716,615,607,539,1139,0,0,30
7717,614,611,542,1138,0,0,30
7718,616,607,536,1138,0,0,30
7719,620,610,540,1135,0,0,30
7720,617,607,537,1139,0,0,30
7721,615,616,542,1139,0,0,30
7722,607,611,538,1138,0,0,30
7723,612,610,540,1138,0,0,30
7724,608,616,541,1140,0,0,30
7725,618,619,539,1138,0,0,30
7726,621,609,539,1142,0,0,30
7727,616,616,539,1141,0,0,30
7728,619,611,531,1136,0,0,30
7729,618,619,541,1138,0,0,30
7730,614,609,537,1139,0,0,30
7731,611,610,540,1140,0,0,30
7732,616,610,539,1138,0,0,30
7733,611,612,539,1139,0,0,30
7734,618,613,545,1139,0,0,30
7735,617,614,538,1135,0,0,30
7736,617,613,540,1139,0,0,30
7737,615,612,538,1138,0,0,30
7738,615,613,539,1137,0,0,30
7739,615,614,537,1137,0,0,30
7740,612,612,539,1139,0,0,30
7741,614,607,542,1140,0,0,30
7742,615,611,539,1136,0,0,30
7743,616,609,533,1138,0,0,30
7744,610,613,538,1139,0,0,30
7745,617,614,544,1137,0,0,30
7746,615,611,540,1144,0,0,30
7747,614,609,538,1139,0,0,30
7748,616,610,538,1131,0,0,30
7749,622,608,539,1138,0,0,30
7750,615,615,537,1139,1,0,30
7751,610,606,537,1138,1,0,30
7752,614,604,544,1138,1,0,30
7753,615,607,536,1137,1,0,30
7754,614,611,540,1135,1,0,30
7755,612,611,539,1140,1,0,30
7756,614,616,534,1138,1,0,30
7757,611,606,537,1139,1,0,30
7758,615,616,539,1140,1,0,30
7759,613,613,539,1139,1,0,30
7760,616,635,540,1139,1,0,30
7761,612,611,538,1138,1,0,30
7762,618,617,540,1139,1,0,30
7763,612,612,538,1141,1,0,30
7764,615,609,539,1140,1,0,30
7765,610,612,538,1137,0,0,30
7766,619,612,538,1134,0,0,30
7767,617,607,541,1138,0,0,30
7768,617,614,536,1138,0,0,30
7769,610,613,546,1136,0,0,30
7770,613,612,540,1139,0,0,30
7771,615,610,537,1142,0,0,30
7772,618,607,537,1141,0,0,30
7773,617,614,544,1140,0,0,30
7774,616,615,540,1137,0,0,30
7775,608,610,537,1136,0,0,30
7776,617,609,540,1139,0,0,30
7777,618,614,542,1138,0,0,30
7778,620,612,539,1141,0,0,30
7779,615,612,532,1139,0,0,30
7780,616,611,541,1136,0,0,30
7781,616,612,536,1139,0,0,30
7782,614,614,543,1141,0,0,30
7783,613,613,537,1139,0,0,30
7784,619,613,537,1137,0,0,30
7785,618,622,538,1139,0,0,30
7786,613,610,540,1139,0,0,30
7787,611,612,540,1132,0,0,30
7788,616,610,538,1139,0,0,30
7789,616,609,536,1138,0,0,30
7790,617,611,540,1143,0,0,30
7791,607,614,539,1138,0,0,30
7792,623,611,540,1139,0,0,30
7793,617,610,541,1138,0,0,30
7794,618,618,540,1137,0,0,30
7795,614,609,540,1139,0,0,30
7796,620,610,540,1137,0,0,30
7797,617,614,537,1137,0,0,30
7798,621,612,540,1137,0,0,30
7799,613,608,541,1138,0,0,30
7800,620,606,541,1136,1,0,30
7801,620,616,540,1140,1,0,30
7802,617,603,538,1139,1,0,30
7803,618,608,540,1139,1,0,30
7804,613,610,538,1138,1,0,30
7805,620,610,536,1137,1,0,30
7806,619,610,540,1141,1,0,30
7807,605,611,537,1143,1,0,30
7808,617,616,539,1141,1,0,30
7809,613,610,538,1142,1,0,30
7810,614,613,539,1134,1,0,30
7811,617,613,540,1140,1,0,30
7812,615,612,542,1137,1,0,30
7813,612,605,539,1144,1,0,30
7814,615,610,542,1135,1,0,30
7815,612,611,535,1139,0,0,30
7816,614,606,539,1142,0,0,30
7817,618,610,537,1141,0,0,30
7818,616,610,540,1138,0,0,30
7819,619,602,540,1138,0,0,30
7820,611,613,540,1138,0,0,30
7821,619,613,541,1138,0,0,30
7822,607,612,538,1139,0,0,30
7823,617,616,539,1138,0,0,30
7824,616,610,538,1141,0,0,30
7825,608,611,541,1134,0,0,30
7826,617,611,537,1135,0,0,30
7827,616,609,536,1147,0,0,30
7828,622,611,543,1140,0,0,30
7829,618,621,542,1143,0,0,30
7830,627,612,537,1140,0,0,30
7831,624,610,544,1134,0,0,30
7832,614,608,540,1141,0,0,30
7833,613,608,543,1138,0,0,30
7834,616,612,539,1141,0,0,30
7835,621,613,538,1142,0,0,30
7836,621,613,542,1137,0,0,30
7837,616,607,542,1139,0,0,30
7838,618,614,540,1139,0,0,30
7839,617,610,542,1141,0,0,30
7840,611,614,538,1140,0,0,30
7841,618,612,541,1139,0,0,30
7842,617,613,542,1139,0,0,30
7843,617,613,539,1136,0,0,30
7844,615,607,542,1141,0,0,30
7845,613,612,538,1139,0,0,30
7846,614,612,541,1139,0,0,30
7847,597,611,539,1141,0,0,30
7848,613,613,535,1139,0,0,30
7849,615,623,538,1137,0,0,30
7850,625,614,539,1143,1,0,30
7851,618,619,540,1141,1,0,30
7852,620,610,539,1140,1,0,30
7853,612,608,539,1136,1,0,30
7854,613,611,541,1140,1,0,30
7855,614,613,541,1140,1,0,30
7856,610,613,541,1139,1,0,30
7857,618,610,536,1137,1,0,30
7858,610,610,540,1139,1,0,30
7859,619,615,539,1139,1,0,30
7860,613,611,539,1140,1,0,30
7861,616,616,540,1139,1,0,30
7862,614,611,539,1138,1,0,30
7863,613,605,542,1138,1,0,30
7864,609,613,537,1140,1,0,30
7865,615,610,539,1137,0,0,30
7866,616,613,542,1138,0,0,30
7867,617,610,540,1140,0,0,30
7868,619,611,542,1141,0,0,30
7869,617,609,540,1137,0,0,30
7870,615,610,540,1142,0,0,30
7871,619,626,539,1135,0,0,30
7872,615,605,537,1136,0,0,30
7873,616,612,539,1141,0,0,30
7874,620,619,539,1137,0,0,30
7875,622,614,540,1139,0,0,30
7876,617,610,540,1136,0,0,30
7877,616,613,540,1138,0,0,30
7878,610,614,540,1134,0,0,30
7879,615,614,538,1135,0,0,30
7880,617,607,539,1138,0,0,30
7881,614,611,539,1139,0,0,30
7882,617,610,536,1137,0,0,30
7883,624,603,541,1139,0,0,30
7884,613,614,538,1137,0,0,30
7885,616,609,539,1137,0,0,30
7886,618,607,539,1139,0,0,30
7887,618,612,541,1138,0,0,30
7888,625,611,541,1136,0,0,30
7889,611,613,540,1138,0,0,30
7890,614,611,538,1139,0,0,30
7891,615,614,540,1142,0,0,30
7892,615,610,539,1134,0,0,30
7893,619,612,541,1139,0,0,30
7894,618,613,540,1139,0,0,30
7895,619,617,540,1142,0,0,30
7896,612,607,539,1137,0,0,30
7897,613,612,541,1141,0,0,30
7898,617,609,539,1137,0,0,30
7899,615,604,541,1139,0,0,30
7900,616,612,542,1140,1,0,30
7901,613,612,536,1139,1,0,30
7902,619,605,544,1140,1,0,30
7903,615,611,540,1138,1,0,30
7904,615,615,540,1139,1,0,30
7905,616,610,540,1133,1,0,30
7906,616,613,540,1138,1,0,30
7907,614,609,541,1138,1,0,30
7908,610,618,539,1136,1,0,30
7909,613,608,539,1138,1,0,30
7910,616,614,536,1139,1,0,30
7911,612,613,540,1136,1,0,30
7912,618,602,540,1139,1,0,30
7913,614,611,538,1138,1,0,30
7914,614,610,542,1147,1,0,30
7915,617,610,540,1139,0,0,30
7916,617,609,541,1138,0,0,30
7917,616,615,544,1135,0,0,30
7918,619,610,538,1141,0,0,30
7919,616,606,542,1141,0,0,30
7920,613,616,534,1140,0,0,30
7921,613,607,540,1140,0,0,30
7922,614,610,539,1136,0,0,30
7923,613,608,539,1139,0,0,30
7924,622,617,541,1139,0,0,30
7925,616,620,540,1137,0,0,30
7926,614,611,539,1138,0,0,30
7927,616,610,542,1139,0,0,30
7928,610,612,542,1138,0,0,30
7929,611,612,543,1138,0,0,30
7930,612,615,548,1138,0,0,30
7931,615,604,546,1143,0,0,30
7932,612,612,541,1138,0,0,30
7933,614,610,534,1138,0,0,30
7934,617,607,542,1139,0,0,30
7935,615,611,539,1141,0,0,30
7936,617,607,542,1137,0,0,30
7937,618,607,537,1138,0,0,30
7938,614,614,532,1140,0,0,30
7939,620,611,540,1139,0,0,30
7940,619,622,540,1139,0,0,30
7941,615,603,550,1138,0,0,30
7942,615,612,544,1136,0,0,30
7943,620,615,542,1141,0,0,30
7944,616,614,542,1140,0,0,30
7945,617,611,543,1137,0,0,30
7946,614,613,543,1138,0,0,30
7947,615,609,539,1139,0,0,30
7948,615,612,540,1139,0,0,30
7949,614,611,542,1137,0,0,30
7950,615,607,544,1135,1,0,30
7951,616,612,532,1140,1,0,30
7952,618,617,541,1138,1,0,30
7953,615,613,541,1139,1,0,30
7954,608,611,539,1139,1,0,30
7955,612,611,542,1142,1,0,30
7956,617,608,539,1142,1,0,30
7957,623,611,539,1138,1,0,30
7958,617,609,539,1137,1,0,30
7959,612,609,542,1139,1,0,30
7960,614,616,542,1137,1,0,30
7961,617,612,539,1134,1,0,30
7962,613,609,540,1138,1,0,30
7963,613,608,542,1139,1,0,30
7964,616,612,542,1141,1,0,30
7965,617,611,543,1141,0,0,30
7966,616,611,539,1142,0,0,30
7967,616,599,540,1138,0,0,30
7968,619,615,543,1140,0,0,30
7969,617,620,540,1142,0,0,30
7970,612,607,538,1138,0,0,30
7971,614,612,541,1140,0,0,30
7972,616,610,536,1137,0,0,30
7973,615,620,540,1138,0,0,30
7974,615,609,541,1140,0,0,30
7975,614,609,539,1134,0,0,30
7976,621,620,540,1138,0,0,30
7977,620,598,545,1137,0,0,30
7978,614,613,540,1136,0,0,30
7979,619,608,544,1140,0,0,30
7980,611,617,540,1138,0,0,30
7981,616,602,542,1139,0,0,30
7982,615,614,540,1139,0,0,30
7983,618,610,540,1141,0,0,30
7984,625,617,541,1139,0,0,30
7985,617,613,540,1138,0,0,30
7986,616,614,540,1140,0,0,30
7987,613,611,536,1138,0,0,30
7988,609,616,540,1133,0,0,30
7989,612,616,539,1139,0,0,30
7990,612,604,542,1138,0,0,30
7991,618,611,537,1140,0,0,30
7992,617,615,538,1136,0,0,30
7993,614,613,538,1139,0,0,30
7994,618,606,540,1139,0,0,30
7995,617,610,540,1137,0,0,30
7996,617,609,539,1136,0,0,30
7997,619,611,536,1139,0,0,30
7998,615,610,540,1139,0,0,30
7999,616,611,544,1140,0,0,30
8000,619,607,543,1137,1,0,30
8001,618,608,542,1137,1,0,30
8002,616,612,539,1138,1,0,30
8003,612,612,539,1140,1,0,30
8004,614,607,542,1141,1,0,30
8005,613,606,541,1139,1,0,30
8006,612,612,541,1140,1,0,30
8007,614,613,540,1135,1,0,30
8008,617,613,538,1139,1,0,30
8009,613,601,541,1141,1,0,30
8010,612,613,537,1141,1,0,30
8011,613,610,540,1139,1,0,30
8012,612,611,537,1141,1,0,30
8013,612,609,539,1140,1,0,30
8014,612,605,539,1139,1,0,30
8015,614,618,538,1138,0,0,30
8016,617,608,541,1137,0,0,30
8017,612,610,541,1139,0,0,30
8018,613,620,541,1138,0,0,30
8019,613,611,539,1139,0,0,30
8020,618,596,540,1132,0,0,30
8021,612,608,544,1141,0,0,30
8022,615,613,540,1141,0,0,30
8023,614,621,537,1139,0,0,30
8024,616,611,540,1139,0,0,30
8025,622,611,540,1138,0,0,30
8026,613,618,538,1138,0,0,30
8027,615,593,540,1140,0,0,30
8028,612,621,541,1142,0,0,30
8029,616,611,539,1138,0,0,30
8030,616,611,542,1134,0,0,30
8031,615,614,539,1142,0,0,30
8032,618,616,537,1150,0,0,30
8033,616,614,539,1139,0,0,30
8034,621,606,538,1140,0,0,30
8035,615,612,540,1142,0,0,30
8036,616,611,537,1140,0,0,30
8037,617,610,544,1138,0,0,30
8038,612,599,542,1138,0,0,30
8039,618,613,542,1139,0,0,30
8040,618,604,542,1135,0,0,30
8041,621,612,541,1141,0,0,30
8042,618,611,538,1139,0,0,30
8043,616,611,540,1141,0,0,30
8044,607,615,531,1142,0,0,30
8045,614,612,541,1138,0,0,30
8046,612,621,539,1140,0,0,30
8047,628,614,541,1138,0,0,30
8048,622,607,538,1138,0,0,30
8049,615,610,539,1139,0,0,30
8050,615,611,539,1139,1,0,30
8051,615,612,542,1135,1,0,30
8052,613,615,538,1139,1,0,30
8053,609,612,540,1137,1,0,30
8054,613,608,541,1139,1,0,30
8055,615,607,541,1139,1,0,30
8056,615,616,539,1140,1,0,30
8057,615,616,539,1138,1,0,30
8058,613,628,541,1138,1,0,30
8059,611,608,535,1138,1,0,30
8060,615,609,538,1139,1,0,30
8061,618,612,540,1139,1,0,30
8062,620,608,541,1138,1,0,30
8063,618,605,542,1139,1,0,30
8064,618,614,537,1141,1,0,30
8065,608,612,539,1139,0,0,30
8066,615,609,543,1134,0,0,30
8067,617,617,540,1140,0,0,30
8068,616,611,544,1138,0,0,30
8069,612,598,542,1139,0,0,30
8070,616,613,537,1140,0,0,30
8071,622,603,540,1138,0,0,30
8072,623,614,536,1132,0,0,30
8073,612,629,541,1139,0,0,30
8074,615,614,542,1138,0,0,30
8075,606,611,542,1140,0,0,30
8076,614,613,539,1138,0,0,30
8077,615,611,543,1138,0,0,30
8078,615,616,541,1146,0,0,30
8079,613,611,540,1139,0,0,30
8080,613,613,538,1139,0,0,30
8081,621,611,539,1140,0,0,30
8082,619,610,537,1141,0,0,30
8083,602,609,539,1138,0,0,30
8084,617,609,534,1144,0,0,30
8085,620,623,539,1138,0,0,30
8086,617,610,546,1139,0,0,30
8087,612,610,540,1139,0,0,30
8088,616,605,538,1138,0,0,30
8089,617,606,540,1141,0,0,30
8090,619,613,538,1139,0,0,30
8091,615,615,539,1140,0,0,30
8092,614,607,540,1138,0,0,30
8093,612,612,544,1138,0,0,30
8094,616,608,539,1138,0,0,30
8095,625,610,542,1138,0,0,30
8096,613,595,542,1140,0,0,30
8097,618,614,534,1141,0,0,30
8098,622,614,537,1145,0,0,30
8099,616,612,536,1140,0,0,30
8100,613,613,539,1139,1,0,30
8101,611,610,536,1136,1,0,30
8102,615,616,539,1139,1,0,30
8103,616,612,542,1140,1,0,30
8104,615,613,539,1137,1,0,30
8105,613,607,541,1138,1,0,30
8106,617,612,538,1137,1,0,30
8107,615,603,541,1139,1,0,30
8108,614,612,540,1136,1,0,30
8109,610,613,540,1137,1,0,30
8110,612,610,540,1134,1,0,30
8111,611,612,534,1141,1,0,30
8112,616,621,542,1139,1,0,30
8113,614,610,541,1140,1,0,30
8114,620,605,537,1138,1,0,30
8115,617,612,539,1142,0,0,30
8116,617,608,540,1138,0,0,30
8117,617,611,542,1133,0,0,30
8118,611,608,541,1140,0,0,30
8119,614,611,539,1139,0,0,30
8120,614,613,539,1139,0,0,30
8121,619,613,544,1137,0,0,30
8122,620,615,538,1137,0,0,30
8123,616,612,539,1138,0,0,30
8124,616,609,539,1139,0,0,30
8125,618,614,542,1141,0,0,30
8126,614,609,533,1136,0,0,30
8127,614,621,538,1139,0,0,30
8128,612,609,542,1137,0,0,30
8129,614,604,534,1138,0,0,30
8130,610,615,539,1138,0,0,30
8131,622,612,539,1139,0,0,30
8132,615,612,540,1139,0,0,30
8133,615,617,537,1135,0,0,30
8134,607,610,540,1139,0,0,30
8135,612,609,539,1143,0,0,30
8136,614,615,534,1137,0,0,30
8137,616,619,542,1142,0,0,30
8138,617,612,536,1139,0,0,30
8139,617,610,540,1136,0,0,30
8140,597,614,541,1139,0,0,30
8141,616,612,539,1140,0,0,30
8142,616,607,546,1137,0,0,30
8143,619,610,539,1147,0,0,30
8144,628,612,540,1143,0,0,30
8145,627,614,541,1138,0,0,30
8146,618,611,541,1138,0,0,30
8147,627,613,540,1137,0,0,30
8148,619,612,539,1139,0,0,30
8149,613,609,542,1139,0,0,30
8150,618,607,536,1139,1,0,30
8151,615,612,540,1141,1,0,30
8152,609,612,538,1139,1,0,30
8153,612,608,540,1139,1,0,30
8154,613,607,540,1135,1,0,30
8155,620,608,537,1139,1,0,30
8156,613,614,540,1142,1,0,30
8157,615,616,545,1139,1,0,30
8158,614,620,541,1141,1,0,30
8159,613,613,542,1141,1,0,30
8160,614,610,539,1140,1,0,30
8161,612,611,543,1137,1,0,30
8162,617,612,538,1143,1,0,30
8163,618,611,545,1139,1,0,30
8164,613,609,537,1139,1,0,30
8165,615,609,537,1140,0,0,30
8166,616,608,545,1138,0,0,30
8167,618,604,540,1139,0,0,30
8168,614,610,539,1129,0,0,30
8169,615,610,543,1137,0,0,30
8170,626,614,544,1141,0,0,30
8171,615,609,539,1137,0,0,30
8172,614,608,543,1141,0,0,30
8173,624,611,545,1139,0,0,30
8174,616,611,540,1139,0,0,30
8175,615,611,541,1136,0,0,30
8176,612,617,540,1137,0,0,30
8177,617,617,539,1139,0,0,30
8178,622,611,538,1139,0,0,30
8179,613,597,539,1138,0,0,30
8180,612,616,542,1138,0,0,30
8181,614,611,534,1138,0,0,30
8182,612,607,541,1137,0,0,30
8183,615,614,539,1139,0,0,30
8184,615,612,541,1137,0,0,30
8185,615,611,541,1141,0,0,30
8186,617,613,541,1136,0,0,30
8187,615,615,543,1139,0,0,30
8188,618,614,537,1139,0,0,30
8189,610,619,538,1139,0,0,30
8190,616,611,539,1138,0,0,30
8191,623,617,547,1139,0,0,30
8192,613,613,540,1137,0,0,30
8193,615,610,541,1139,0,0,30
8194,617,610,541,1138,0,0,30
8195,615,611,541,1142,0,0,30
8196,619,611,540,1140,0,0,30
8197,616,610,539,1137,0,0,30
8198,619,606,541,1137,0,0,30
8199,614,602,540,1139,0,0,30
8200,613,613,539,1139,1,0,30
8201,614,610,540,1140,1,0,30
8202,615,608,541,1139,1,0,30
8203,612,613,539,1139,1,0,30
8204,616,611,540,1137,1,0,30
8205,617,619,541,1141,1,0,30
8206,612,613,539,1140,1,0,30
8207,614,610,542,1141,1,0,30
8208,612,606,542,1140,1,0,30
8209,617,612,541,1139,1,0,30
8210,618,609,542,1138,1,0,30
8211,612,612,538,1147,1,0,30
8212,612,608,540,1140,1,0,30
8213,617,616,531,1135,1,0,30
8214,613,610,540,1141,1,0,30
8215,611,611,538,1141,0,0,30
8216,615,609,539,1140,0,0,30
8217,615,612,540,1139,0,0,30
8218,612,617,543,1137,0,0,30
8219,621,612,548,1135,0,0,30
8220,616,611,538,1137,0,0,30
8221,617,611,541,1137,0,0,30
8222,620,617,540,1139,0,0,30
8223,613,615,540,1137,0,0,30
8224,612,611,539,1138,0,0,30
8225,622,610,538,1137,0,0,30
8226,615,612,541,1136,0,0,30
8227,613,608,541,1140,0,0,30
8228,620,609,539,1139,0,0,30
8229,618,611,540,1138,0,0,30
8230,623,615,539,1140,0,0,30
8231,615,608,537,1134,0,0,30
8232,612,601,549,1140,0,0,30
8233,608,610,540,1138,0,0,30
8234,618,609,542,1138,0,0,30
8235,615,609,538,1140,0,0,30
8236,613,608,539,1139,0,0,30
8237,616,613,542,1139,0,0,30
8238,616,608,540,1132,0,0,30
8239,620,610,541,1140,0,0,30
8240,610,612,542,1137,0,0,30
8241,619,611,541,1138,0,0,30
8242,618,610,537,1140,0,0,30
8243,617,615,534,1137,0,0,30
8244,614,618,541,1135,0,0,30
8245,617,615,536,1136,0,0,30
8246,616,602,539,1138,0,0,30
8247,618,612,543,1141,0,0,30
8248,619,610,534,1139,0,0,30
8249,619,606,543,1137,0,0,30
8250,611,614,541,1139,1,0,30
8251,618,615,535,1137,1,0,30
8252,615,614,540,1137,1,0,30
8253,615,599,541,1138,1,0,30
8254,612,617,536,1140,1,0,30
8255,615,614,540,1133,1,0,30
8256,612,609,539,1139,1,0,30
8257,619,614,538,1138,1,0,30
8258,617,614,540,1140,1,0,30
8259,615,611,547,1137,1,0,30
8260,618,613,539,1136,1,0,30
8261,615,605,541,1140,1,0,30
8262,616,627,538,1135,1,0,30
8263,618,611,543,1138,1,0,30
8264,615,610,539,1139,1,0,30
8265,612,611,537,1139,0,0,30
8266,615,620,538,1139,0,0,30
8267,617,614,538,1139,0,0,30
8268,616,597,541,1137,0,0,30
8269,612,609,539,1131,0,0,30
8270,614,612,538,1140,0,0,30
8271,614,615,539,1142,0,0,30
8272,612,612,539,1138,0,0,30
8273,616,612,541,1139,0,0,30
8274,619,611,548,1138,0,0,30
8275,612,617,541,1138,0,0,30
8276,614,611,540,1138,0,0,30
8277,615,615,538,1138,0,0,30
8278,619,614,537,1139,0,0,30
8279,620,611,544,1133,0,0,30
8280,613,607,541,1138,0,0,30
8281,618,615,540,1139,0,0,30
8282,618,609,546,1138,0,0,30
8283,615,612,541,1140,0,0,30
8284,614,615,543,1139,0,0,30
8285,616,615,541,1141,0,0,30
8286,625,615,539,1138,0,0,30
8287,614,607,541,1137,0,0,30
8288,615,608,541,1136,0,0,30
8289,620,611,541,1136,0,0,30
8290,623,617,541,1136,0,0,30
8291,616,613,545,1137,0,0,30
8292,612,611,541,1139,0,0,30
8293,621,609,539,1136,0,0,30
8294,620,613,537,1137,0,0,30
8295,618,610,538,1142,0,0,30
8296,616,613,538,1139,0,0,30
8297,618,609,540,1130,0,0,30
8298,618,613,544,1141,0,0,30
8299,611,613,539,1138,0,0,30
8300,614,615,538,1138,1,0,30
8301,617,629,541,1139,1,0,30
8302,613,610,540,1139,1,0,30
8303,614,614,542,1141,1,0,30
8304,619,611,541,1140,1,0,30
8305,615,617,542,1138,1,0,30
8306,616,613,543,1140,1,0,30
8307,626,612,542,1140,1,0,30
8308,613,611,538,1139,1,0,30
8309,613,613,541,1139,1,0,30
8310,603,613,539,1141,1,0,30
8311,614,613,540,1137,1,0,30
8312,612,612,540,1139,1,0,30
8313,619,610,542,1145,1,0,30
8314,618,625,543,1138,1,0,30
8315,614,614,544,1139,0,0,30
8316,616,612,542,1138,0,0,30
8317,612,597,543,1139,0,0,30
8318,614,615,541,1145,0,0,30
8319,615,608,542,1138,0,0,30
8320,616,626,537,1140,0,0,30
8321,616,608,540,1139,0,0,30
8322,613,606,539,1140,0,0,30
8323,618,610,542,1139,0,0,30
8324,620,609,542,1139,0,0,30
8325,612,615,540,1137,0,0,30
8326,614,613,543,1138,0,0,30
8327,611,610,540,1139,0,0,30
8328,613,616,540,1140,0,0,30
8329,620,615,542,1142,0,0,30
8330,617,613,541,1135,0,0,30
8331,612,611,544,1139,0,0,30
8332,619,611,542,1139,0,0,30
8333,618,611,542,1141,0,0,30
8334,617,611,538,1140,0,0,30
8335,614,600,540,1141,0,0,30
8336,613,611,542,1138,0,0,30
8337,618,603,533,1138,0,0,30
8338,622,622,542,1140,0,0,30
8339,608,613,539,1140,0,0,30
8340,613,610,540,1139,0,0,30
8341,614,608,544,1132,0,0,30
8342,622,610,540,1138,0,0,30
8343,616,615,538,1140,0,0,30
8344,618,609,542,1143,0,0,30
8345,618,615,539,1140,0,0,30
8346,617,612,538,1141,0,0,30
8347,615,612,539,1141,0,0,30
8348,614,607,541,1140,0,0,30
8349,616,607,541,1137,0,0,30
8350,616,607,542,1137,1,0,30
8351,617,617,542,1141,1,0,30
8352,612,613,537,1136,1,0,30
8353,615,610,541,1140,1,0,30
8354,618,611,540,1139,1,0,30
8355,616,604,543,1138,1,0,30
8356,612,609,533,1138,1,0,30
8357,614,610,541,1143,1,0,30
8358,612,612,539,1140,1,0,30
8359,616,610,540,1135,1,0,30
8360,613,611,542,1140,1,0,30
8361,614,610,542,1142,1,0,30
8362,611,615,543,1142,1,0,30
8363,610,613,541,1137,1,0,30
8364,612,610,539,1134,1,0,30
8365,613,610,541,1139,0,0,30
8366,617,613,537,1135,0,0,30
8367,616,613,539,1139,0,0,30
8368,617,615,542,1139,0,0,30
8369,619,612,539,1139,0,0,30
8370,616,614,546,1142,0,0,30
8371,619,611,536,1137,0,0,30
8372,614,613,541,1140,0,0,30
8373,610,610,542,1138,0,0,30
8374,614,615,541,1139,0,0,30
8375,610,614,540,1139,0,0,30
8376,614,612,540,1140,0,0,30
8377,614,610,539,1140,0,0,30
8378,617,611,539,1135,0,0,30
8379,618,610,538,1140,0,0,30
8380,608,610,540,1139,0,0,30
8381,618,611,541,1140,0,0,30
8382,619,610,540,1137,0,0,30
8383,616,611,544,1139,0,0,30
8384,616,609,538,1131,0,0,30
8385,615,608,540,1138,0,0,30
8386,618,611,541,1136,0,0,30
8387,615,609,543,1130,0,0,30
8388,619,611,540,1138,0,0,30
8389,624,612,532,1139,0,0,30
8390,614,612,540,1139,0,0,30
8391,615,605,540,1139,0,0,30
8392,618,609,542,1138,0,0,30
8393,621,607,538,1137,0,0,30
8394,616,610,539,1139,0,0,30
8395,622,607,545,1137,0,0,30
8396,626,616,539,1134,0,0,30
8397,623,614,540,1134,0,0,30
8398,616,605,539,1138,0,0,30
8399,617,606,542,1139,0,0,30
8400,616,613,540,1136,1,0,30
8401,613,612,540,1140,1,0,30
8402,617,612,537,1139,1,0,30
8403,613,611,539,1138,1,0,30
8404,616,612,541,1141,1,0,30
8405,613,610,542,1139,1,0,30
8406,615,607,540,1138,1,0,30
8407,618,608,536,1141,1,0,30
8408,620,610,543,1143,1,0,30
8409,614,611,538,1139,1,0,30
8410,616,610,538,1142,1,0,30
8411,617,609,538,1140,1,0,30
8412,617,613,540,1139,1,0,30
8413,614,611,538,1141,1,0,30
8414,613,605,538,1138,1,0,30
8415,614,611,541,1137,0,0,30
8416,607,613,543,1136,0,0,30
8417,619,614,538,1138,0,0,30
8418,615,610,540,1138,0,0,30
8419,620,621,542,1134,0,0,30
8420,615,614,539,1141,0,0,30
8421,618,609,538,1136,0,0,30
8422,605,606,539,1138,0,0,30
8423,617,613,543,1137,0,0,30
8424,615,602,542,1140,0,0,30
8425,614,618,540,1138,0,0,30
8426,613,612,538,1143,0,0,30
8427,622,606,540,1138,0,0,30
8428,622,614,538,1138,0,0,30
8429,617,610,536,1131,0,0,30
8430,608,611,538,1137,0,0,30
8431,611,610,537,1140,0,0,30
8432,609,611,540,1141,0,0,30
8433,609,610,541,1136,0,0,30
8434,613,610,540,1139,0,0,30
8435,617,613,542,1135,0,0,30
8436,617,611,541,1139,0,0,30
8437,615,607,539,1140,0,0,30
8438,617,615,540,1142,0,0,30
8439,616,614,543,1139,0,0,30
8440,618,604,537,1138,0,0,30
8441,611,610,538,1140,0,0,30
8442,616,610,541,1141,0,0,30
8443,613,614,547,1141,0,0,30
8444,614,613,541,1140,0,0,30
8445,615,610,539,1147,0,0,30
8446,611,600,539,1140,0,0,30
8447,615,612,538,1138,0,0,30
8448,616,617,538,1135,0,0,30
8449,620,608,537,1140,0,0,30
8450,604,615,538,1141,1,0,30
8451,610,610,538,1139,1,0,30
8452,619,609,540,1140,1,0,30
8453,616,608,539,1139,1,0,30
8454,614,604,538,1139,1,0,30
8455,614,612,549,1144,1,0,30
8456,619,593,541,1138,1,0,30
8457,611,611,540,1143,1,0,30
8458,610,606,540,1141,1,0,30
8459,607,611,540,1140,1,0,30
8460,615,611,541,1141,1,0,30
8461,616,615,542,1144,1,0,30
8462,622,616,539,1138,1,0,30
8463,622,610,540,1137,1,0,30
8464,624,612,536,1139,1,0,30
8465,617,616,540,1141,0,0,30
8466,611,612,537,1140,0,0,30
8467,613,613,535,1137,0,0,30
8468,615,620,540,1134,0,0,30
8469,613,612,541,1137,0,0,30
8470,613,613,541,1137,0,0,30
8471,607,606,542,1141,0,0,30
8472,614,610,542,1137,0,0,30
8473,615,595,538,1139,0,0,30
8474,613,613,546,1140,0,0,30
8475,619,617,539,1140,0,0,30
8476,615,610,540,1132,0,0,30
8477,616,617,540,1145,0,0,30
8478,615,613,540,1139,0,0,30
8479,614,609,537,1139,0,0,30
8480,618,616,532,1135,0,0,30
8481,624,611,540,1139,0,0,30
8482,613,613,542,1141,0,0,30
8483,611,616,538,1138,0,0,30
8484,616,608,538,1139,0,0,30
8485,614,611,539,1141,0,0,30
8486,611,614,541,1139,0,0,30
8487,612,622,537,1140,0,0,30
8488,614,609,537,1138,0,0,30
8489,616,609,541,1134,0,0,30
8490,616,624,541,1138,0,0,30
8491,612,611,538,1138,0,0,30
8492,613,614,542,1139,0,0,30
8493,619,619,538,1139,0,0,30
8494,619,608,533,1140,0,0,30
8495,608,611,539,1141,0,0,30
8496,617,613,543,1142,0,0,30
8497,614,610,543,1138,0,0,30
8498,614,620,541,1142,0,0,30
8499,614,619,538,1139,0,0,30
8500,614,611,540,1134,1,0,30
8501,613,609,540,1140,1,0,30
8502,615,619,538,1136,1,0,30
8503,615,610,538,1136,1,0,30
8504,615,611,544,1141,1,0,30
8505,617,611,540,1139,1,0,30
8506,611,608,540,1141,1,0,30
8507,616,589,540,1141,1,0,30
8508,609,608,541,1140,1,0,30
8509,621,610,539,1140,1,0,30
8510,617,608,535,1136,1,0,30
8511,614,607,539,1142,1,0,30
8512,623,610,544,1140,1,0,30
8513,618,608,537,1137,1,0,30
8514,611,614,538,1142,1,0,30
8515,609,605,539,1139,0,0,30
8516,613,602,540,1139,0,0,30
8517,619,614,538,1143,0,0,30
8518,620,611,542,1139,0,0,30
8519,615,609,538,1143,0,0,30
8520,621,609,544,1142,0,0,30
8521,621,609,546,1138,0,0,30
8522,615,610,541,1138,0,0,30
8523,616,614,539,1140,0,0,30
8524,613,608,541,1139,0,0,30
8525,615,609,541,1139,0,0,30
8526,619,613,543,1143,0,0,30
8527,614,608,540,1143,0,0,30
8528,624,609,535,1140,0,0,30
8529,613,612,538,1139,0,0,30
8530,610,610,540,1141,0,0,30
8531,613,619,540,1139,0,0,30
8532,613,603,535,1142,0,0,30
8533,616,615,539,1138,0,0,30
8534,620,612,537,1132,0,0,30
8535,612,611,540,1145,0,0,30
8536,616,611,539,1139,0,0,30
8537,618,612,539,1139,0,0,30
8538,615,608,544,1135,0,0,30
8539,615,610,542,1134,0,0,30
8540,614,612,540,1136,0,0,30
8541,616,611,543,1139,0,0,30
8542,615,619,539,1138,0,0,30
8543,618,612,541,1141,0,0,30
8544,616,610,539,1138,0,0,30
8545,618,610,539,1141,0,0,30
8546,612,613,540,1141,0,0,30
8547,611,597,539,1140,0,0,30
8548,616,610,540,1139,0,0,30
8549,612,612,541,1137,0,0,30
8550,617,611,540,1139,1,0,30
8551,620,615,541,1138,1,0,30
8552,620,606,541,1142,1,0,30
8553,614,611,542,1137,1,0,30
8554,611,608,540,1139,1,0,30
8555,615,609,541,1140,1,0,30
8556,614,612,539,1140,1,0,30
8557,613,613,535,1141,1,0,30
8558,613,605,542,1151,1,0,30
8559,621,612,538,1139,1,0,30
8560,614,610,546,1140,1,0,30
8561,615,614,544,1135,1,0,30
8562,612,611,542,1139,1,0,30
8563,613,609,541,1139,1,0,30
8564,615,605,539,1139,1,0,30
8565,617,602,538,1139,0,0,30
8566,614,619,539,1139,0,0,30
8567,615,617,540,1139,0,0,30
8568,615,610,538,1140,0,0,30
8569,614,612,542,1138,0,0,30
8570,624,608,536,1141,0,0,30
8571,615,610,539,1140,0,0,30
8572,626,612,541,1140,0,0,30
8573,621,601,540,1138,0,0,30
8574,618,608,540,1139,0,0,30
8575,615,602,541,1139,0,0,30
8576,615,613,541,1139,0,0,30
8577,618,612,546,1138,0,0,30
8578,610,608,543,1139,0,0,30
8579,618,610,540,1140,0,0,30
8580,613,609,541,1136,0,0,30
8581,613,615,540,1137,0,0,30
8582,619,612,539,1137,0,0,30
8583,615,612,539,1137,0,0,30
8584,617,610,540,1138,0,0,30
8585,614,610,538,1139,0,0,30
8586,622,614,540,1137,0,0,30
8587,620,605,542,1140,0,0,30
8588,615,611,535,1138,0,0,30
8589,610,613,542,1135,0,0,30
8590,621,612,542,1141,0,0,30
8591,614,615,541,1140,0,0,30
8592,616,613,538,1137,0,0,30
8593,618,613,539,1139,0,0,30
8594,617,616,541,1138,0,0,30
8595,619,615,542,1140,0,0,30
8596,619,614,540,1135,0,0,30
8597,613,604,545,1137,0,0,30
8598,618,614,539,1137,0,0,30
8599,620,611,540,1138,0,0,30
8600,615,619,538,1141,1,0,30
8601,608,615,538,1140,1,0,30
8602,612,611,539,1140,1,0,30
8603,621,608,539,1138,1,0,30
8604,617,612,543,1140,1,0,30
8605,613,611,543,1139,1,0,30
8606,615,607,540,1139,1,0,30
8607,612,606,532,1141,1,0,30
8608,616,611,542,1137,1,0,30
8609,617,612,541,1139,1,0,30
8610,615,622,539,1138,1,0,30
8611,615,608,545,1137,1,0,30
8612,615,618,542,1139,1,0,30
8613,617,613,539,1139,1,0,30
8614,613,610,539,1139,1,0,30
8615,621,612,541,1140,0,0,30
8616,617,613,541,1142,0,0,30
8617,615,614,540,1132,0,0,30
8618,615,614,542,1141,0,0,30
8619,618,608,532,1139,0,0,30
8620,619,610,540,1139,0,0,30
8621,613,615,543,1138,0,0,30
8622,616,622,538,1138,0,0,30
8623,615,605,542,1141,0,0,30
8624,618,611,540,1140,0,0,30
8625,611,611,539,1139,0,0,30
8626,619,616,541,1137,0,0,30
8627,615,614,538,1135,0,0,30
8628,615,611,538,1133,0,0,30
8629,618,611,539,1140,0,0,30
8630,613,611,541,1140,0,0,30
8631,619,609,537,1139,0,0,30
8632,614,611,539,1138,0,0,30
8633,612,614,541,1138,0,0,30
8634,621,609,539,1146,0,0,30
8635,618,601,542,1138,0,0,30
8636,619,612,540,1137,0,0,30
8637,609,607,545,1137,0,0,30
8638,613,616,539,1138,0,0,30
8639,614,609,541,1139,0,0,30
8640,615,610,540,1140,0,0,30
8641,613,612,539,1138,0,0,30
8642,616,610,540,1138,0,0,30
8643,617,614,541,1138,0,0,30
8644,621,610,540,1140,0,0,30
8645,613,604,541,1138,0,0,30
8646,619,613,544,1136,0,0,30
8647,616,616,541,1145,0,0,30
8648,605,612,541,1141,0,0,30
8649,614,615,539,1139,0,0,30
8650,613,626,543,1138,1,0,30
8651,616,609,541,1138,1,0,30
8652,614,615,539,1136,1,0,30
8653,614,612,540,1130,1,0,30
8654,616,607,541,1134,1,0,30
8655,613,619,540,1139,1,0,30
8656,609,611,542,1138,1,0,30
8657,605,618,539,1131,1,0,30
8658,617,607,541,1141,1,0,30
8659,613,610,540,1140,1,0,30
8660,612,601,538,1138,1,0,30
8661,616,612,540,1141,1,0,30
8662,615,612,540,1140,1,0,30
8663,616,606,537,1140,1,0,30
8664,611,613,539,1145,1,0,30
8665,612,608,541,1140,0,0,30
8666,616,615,545,1138,0,0,30
8667,622,610,540,1141,0,0,30
8668,617,609,541,1140,0,0,30
8669,611,604,538,1136,0,0,30
8670,619,610,540,1142,0,0,30
8671,624,608,540,1140,0,0,30
8672,622,612,541,1141,0,0,30
8673,616,617,541,1141,0,0,30
8674,619,613,540,1139,0,0,30
8675,617,614,541,1140,0,0,30
8676,618,613,543,1138,0,0,30
8677,616,612,540,1138,0,0,30
8678,618,608,542,1138,0,0,30
8679,617,604,541,1137,0,0,30
8680,615,613,542,1132,0,0,30
8681,620,613,538,1141,0,0,30
8682,615,604,539,1137,0,0,30
8683,614,616,538,1138,0,0,30
8684,615,615,544,1139,0,0,30
8685,613,605,540,1140,0,0,30
8686,617,611,533,1139,0,0,30
8687,614,610,544,1142,0,0,30
8688,607,604,540,1135,0,0,30
8689,614,597,542,1140,0,0,30
8690,615,601,539,1139,0,0,30
8691,622,610,539,1140,0,0,30
8692,615,604,538,1139,0,0,30
8693,612,614,544,1141,0,0,30
8694,618,611,541,1139,0,0,30
8695,620,610,538,1140,0,0,30
8696,610,611,541,1138,0,0,30
8697,610,611,539,1139,0,0,30
8698,623,612,540,1139,0,0,30
8699,617,618,542,1135,0,0,30
8700,615,606,542,1138,1,0,30
8701,618,610,545,1139,1,0,30
8702,618,613,541,1141,1,0,30
8703,618,603,540,1137,1,0,30
8704,610,616,542,1139,1,0,30
8705,614,607,540,1145,1,0,30
8706,621,613,537,1138,1,0,30
8707,617,614,540,1141,1,0,30
8708,614,608,538,1141,1,0,30
8709,620,609,539,1139,1,0,30
8710,611,608,542,1140,1,0,30
8711,615,611,540,1135,1,0,30
8712,615,597,542,1141,1,0,30
8713,608,614,537,1140,1,0,30
8714,616,613,541,1136,1,0,30
8715,617,614,538,1138,0,0,30
8716,620,609,538,1137,0,0,30
8717,610,610,541,1144,0,0,30
8718,616,620,542,1142,0,0,30
8719,618,607,539,1138,0,0,30
8720,615,613,539,1136,0,0,30
8721,611,609,541,1138,0,0,30
8722,613,613,540,1140,0,0,30
8723,615,614,539,1138,0,0,30
8724,613,611,540,1138,0,0,30
8725,616,616,541,1140,0,0,30
8726,627,615,542,1138,0,0,30
8727,615,612,540,1140,0,0,30
8728,612,606,541,1136,0,0,30
8729,615,609,543,1139,0,0,30
8730,618,614,540,1138,0,0,30
8731,614,610,538,1137,0,0,30
8732,619,611,539,1139,0,0,30
8733,618,604,540,1133,0,0,30
8734,617,627,540,1138,0,0,30
8735,614,611,536,1140,0,0,30
8736,614,613,541,1138,0,0,30
8737,613,616,545,1139,0,0,30
8738,618,607,537,1141,0,0,30
8739,608,608,537,1137,0,0,30
8740,618,614,535,1140,0,0,30
8741,616,612,548,1141,0,0,30
8742,616,610,539,1138,0,0,30
8743,622,610,541,1138,0,0,30
8744,613,607,541,1139,0,0,30
8745,615,603,541,1137,0,0,30
8746,616,612,541,1138,0,0,30
8747,614,621,541,1138,0,0,30
8748,618,607,541,1139,0,0,30
8749,615,610,541,1139,0,0,30
8750,622,610,542,1139,1,0,30
8751,620,614,542,1143,1,0,30
8752,606,615,536,1137,1,0,30
8753,605,610,538,1139,1,0,30
8754,608,610,539,1137,1,0,30
8755,614,615,538,1138,1,0,30
8756,614,617,539,1139,1,0,30
8757,615,613,544,1139,1,0,30
8758,621,611,539,1140,1,0,30
8759,619,608,541,1140,1,0,30
8760,613,614,537,1139,1,0,30
8761,616,623,537,1136,1,0,30
8762,616,614,537,1137,1,0,30
8763,614,617,542,1138,1,0,30
8764,615,612,540,1138,1,0,30
8765,611,612,542,1137,0,0,30
8766,620,617,539,1140,0,0,30
8767,613,596,539,1139,0,0,30
8768,610,611,541,1139,0,0,30
8769,617,607,542,1136,0,0,30
8770,613,611,546,1138,0,0,30
8771,615,613,540,1139,0,0,30
8772,611,615,542,1137,0,0,30
8773,613,609,538,1142,0,0,30
8774,615,616,540,1135,0,0,30
8775,615,606,539,1139,0,0,30
8776,615,614,541,1139,0,0,30
8777,618,605,541,1138,0,0,30
8778,619,615,538,1137,0,0,30
8779,622,614,541,1140,0,0,30
8780,613,615,537,1136,0,0,30
8781,617,613,535,1141,0,0,30
8782,616,611,542,1137,0,0,30
8783,619,613,542,1140,0,0,30
8784,617,613,538,1139,0,0,30
8785,622,604,543,1141,0,0,30
8786,618,619,540,1137,0,0,30
8787,621,614,538,1141,0,0,30
8788,605,608,542,1144,0,0,30
8789,613,610,541,1133,0,0,30
8790,620,613,536,1139,0,0,30
8791,619,612,540,1139,0,0,30
8792,612,603,538,1139,0,0,30
8793,616,610,539,1145,0,0,30
8794,619,614,540,1126,0,0,30
8795,617,625,544,1137,0,0,30
8796,616,610,539,1138,0,0,30
8797,618,612,544,1139,0,0,30
8798,623,608,538,1138,0,0,30
8799,620,605,539,1139,0,0,30
8800,613,613,539,1138,1,0,30
8801,611,613,540,1139,1,0,30
8802,617,608,539,1138,1,0,30
8803,613,610,538,1136,1,0,30
8804,612,611,537,1140,1,0,30
8805,617,618,541,1139,1,0,30
8806,617,606,544,1142,1,0,30
8807,615,609,539,1138,1,0,30
8808,615,606,540,1138,1,0,30
8809,618,611,542,1141,1,0,30
8810,612,614,540,1138,1,0,30
8811,615,614,542,1139,1,0,30
8812,610,601,539,1139,1,0,30
8813,606,615,539,1138,1,0,30
8814,621,613,540,1139,1,0,30
8815,613,614,535,1138,0,0,30
8816,616,608,538,1139,0,0,30
8817,614,608,541,1138,0,0,30
8818,617,615,541,1125,0,0,30
8819,617,614,541,1137,0,0,30
8820,607,615,543,1142,0,0,30
8821,615,607,544,1138,0,0,30
8822,615,599,542,1140,0,0,30
8823,618,610,541,1139,0,0,30
8824,609,615,542,1139,0,0,30
8825,610,612,540,1140,0,0,30
8826,615,612,539,1138,0,0,30
8827,615,610,540,1140,0,0,30
8828,612,604,540,1138,0,0,30
8829,616,610,546,1139,0,0,30
8830,617,611,541,1133,0,0,30
8831,618,611,541,1139,0,0,30
8832,618,608,530,1143,0,0,30
8833,620,619,541,1140,0,0,30
8834,614,618,536,1136,0,0,30
8835,617,611,540,1135,0,0,30
8836,617,613,541,1138,0,0,30
8837,613,611,542,1138,0,0,30
8838,614,624,540,1137,0,0,30
8839,617,612,541,1137,0,0,30
8840,615,616,542,1138,0,0,30
8841,616,600,540,1139,0,0,30
8842,624,615,540,1136,0,0,30
8843,618,610,539,1141,0,0,30
8844,604,611,541,1145,0,0,30
8845,605,615,539,1138,0,0,30
8846,615,613,541,1139,0,0,30
8847,614,608,540,1140,0,0,30
8848,622,613,538,1139,0,0,30
8849,617,608,534,1138,0,0,30
8850,614,613,538,1138,1,0,30
8851,614,614,540,1139,1,0,30
8852,613,617,539,1137,1,0,30
8853,614,609,540,1142,1,0,30
8854,614,614,540,1139,1,0,30
8855,617,610,536,1139,1,0,30
8856,617,615,540,1141,1,0,30
8857,611,593,541,1140,1,0,30
8858,616,606,542,1141,1,0,30
8859,611,608,539,1138,1,0,30
8860,617,614,543,1139,1,0,30
8861,611,612,540,1143,1,0,30
8862,613,612,541,1144,1,0,30
8863,606,612,538,1143,1,0,30
8864,615,615,539,1138,1,0,30
8865,618,617,538,1138,0,0,30
8866,617,606,542,1140,0,0,30
8867,614,613,544,1141,0,0,30
8868,613,606,542,1139,0,0,30
8869,618,614,540,1137,0,0,30
8870,614,618,544,1140,0,0,30
8871,615,611,540,1143,0,0,30
8872,615,626,541,1131,0,0,30
8873,621,606,540,1138,0,0,30
8874,624,616,541,1137,0,0,30
8875,615,611,543,1139,0,0,30
8876,619,600,542,1138,0,0,30
8877,628,626,543,1136,0,0,30
8878,622,609,539,1135,0,0,30
8879,615,615,538,1140,0,0,30
8880,615,612,540,1137,0,0,30
8881,613,610,541,1138,0,0,30
8882,618,612,529,1138,0,0,30
8883,617,610,541,1137,0,0,30
8884,613,614,540,1138,0,0,30
8885,615,613,543,1140,0,0,30
8886,614,613,541,1139,0,0,30
8887,615,612,541,1138,0,0,30
8888,614,613,542,1138,0,0,30
8889,618,618,536,1136,0,0,30
8890,612,612,543,1138,0,0,30
8891,619,610,540,1137,0,0,30
8892,610,611,542,1138,0,0,30
8893,616,613,540,1136,0,0,30
8894,617,611,540,1137,0,0,30
8895,619,618,543,1139,0,0,30
8896,607,614,541,1145,0,0,30
8897,616,615,544,1137,0,0,30
8898,619,610,541,1138,0,0,30
8899,619,605,541,1143,0,0,30
8900,614,603,546,1138,1,0,30
8901,616,610,542,1141,1,0,30
8902,615,615,541,1140,1,0,30
8903,616,611,537,1137,1,0,30
8904,618,612,541,1139,1,0,30
8905,617,612,543,1141,1,0,30
8906,616,614,540,1141,1,0,30
8907,616,605,541,1138,1,0,30
8908,627,608,537,1140,1,0,30
8909,612,610,539,1138,1,0,30
8910,621,614,539,1139,1,0,30
8911,619,607,539,1136,1,0,30
8912,611,614,540,1140,1,0,30
8913,613,618,542,1139,1,0,30
8914,626,609,543,1139,1,0,30
8915,614,609,542,1140,0,0,30
8916,615,611,542,1142,0,0,30
8917,611,612,540,1134,0,0,30
8918,616,612,539,1140,0,0,30
8919,620,613,543,1141,0,0,30
8920,614,608,548,1141,0,0,30
8921,615,612,542,1138,0,0,30
8922,620,606,541,1139,0,0,30
8923,617,610,544,1140,0,0,30
8924,618,606,540,1141,0,0,30
8925,600,613,539,1135,0,0,30
8926,619,617,540,1139,0,0,30
8927,616,613,543,1140,0,0,30
8928,609,607,543,1140,0,0,30
8929,614,612,540,1137,0,0,30
8930,616,610,542,1140,0,0,30
8931,609,608,542,1139,0,0,30
8932,615,606,540,1137,0,0,30
8933,613,615,540,1141,0,0,30
8934,619,607,540,1139,0,0,30
8935,617,608,540,1138,0,0,30
8936,598,613,547,1138,0,0,30
8937,623,613,533,1137,0,0,30
8938,612,609,542,1137,0,0,30
8939,619,613,538,1138,0,0,30
8940,614,610,536,1138,0,0,30
8941,620,612,542,1136,0,0,30
8942,613,611,542,1140,0,0,30
8943,620,612,540,1139,0,0,30
8944,612,607,541,1141,0,0,30
8945,611,606,543,1140,0,0,30
8946,620,611,544,1141,0,0,30
8947,615,614,538,1140,0,0,30
8948,615,612,540,1139,0,0,30
8949,617,609,537,1137,0,0,30
8950,618,611,542,1137,1,0,30
8951,612,611,541,1136,1,0,30
8952,610,611,542,1139,1,0,30
8953,614,611,539,1139,1,0,30
8954,611,612,541,1139,1,0,30
8955,620,611,540,1139,1,0,30
8956,619,612,542,1139,1,0,30
8957,615,616,542,1138,1,0,30
8958,617,612,541,1139,1,0,30
8959,612,612,543,1144,1,0,30
8960,612,610,542,1140,1,0,30
8961,611,608,540,1140,1,0,30
8962,615,614,538,1138,1,0,30
8963,615,613,542,1139,1,0,30
8964,613,610,540,1141,1,0,30
8965,623,610,539,1140,0,0,30
8966,616,614,540,1140,0,0,30
8967,614,613,540,1139,0,0,30
8968,616,607,541,1139,0,0,30
8969,614,609,538,1138,0,0,30
8970,619,612,540,1139,0,0,30
8971,619,617,541,1139,0,0,30
8972,619,609,539,1139,0,0,30
8973,617,608,542,1138,0,0,30
8974,619,613,537,1144,0,0,30
8975,618,613,539,1138,0,0,30
8976,617,613,540,1139,0,0,30
8977,615,618,542,1139,0,0,30
8978,616,611,540,1139,0,0,30
8979,617,611,540,1143,0,0,30
8980,606,611,538,1135,0,0,30
8981,622,612,544,1144,0,0,30
8982,616,613,539,1139,0,0,30
8983,614,611,541,1139,0,0,30
8984,616,611,543,1139,0,0,30
8985,618,612,540,1146,0,0,30
8986,612,614,535,1140,0,0,30
8987,618,612,540,1134,0,0,30
8988,617,606,544,1136,0,0,30
8989,618,612,545,1134,0,0,30
8990,616,612,542,1138,0,0,30
8991,616,599,539,1138,0,0,30
8992,614,607,543,1137,0,0,30
8993,614,612,538,1137,0,0,30
8994,615,611,540,1142,0,0,30
8995,615,612,541,1138,0,0,30
8996,623,592,544,1139,0,0,30
8997,618,615,543,1139,0,0,30
8998,619,611,540,1141,0,0,30
8999,619,611,540,1139,0,0,30
9000,618,615,542,1137,1,0,30
9001,615,613,538,1137,1,0,30
9002,612,610,540,1137,1,0,30
9003,614,608,534,1138,1,0,30
9004,615,612,539,1136,1,0,30
9005,610,611,538,1136,1,0,30
9006,615,606,538,1136,1,0,30
9007,616,612,541,1140,1,0,30
9008,614,609,542,1134,1,0,30
9009,612,607,542,1140,1,0,30
9010,619,616,542,1143,1,0,30
9011,608,612,545,1138,1,0,30
9012,618,611,541,1141,1,0,30
9013,617,610,544,1138,1,0,30
9014,617,612,539,1138,1,0,30
9015,618,612,543,1138,0,0,30
9016,613,613,541,1133,0,0,30
9017,615,614,541,1139,0,0,30
9018,616,609,539,1139,0,0,30
9019,612,612,542,1138,0,0,30
9020,620,611,539,1139,0,0,30
9021,617,615,541,1139,0,0,30
9022,614,603,541,1138,0,0,30
9023,616,610,541,1136,0,0,30
9024,616,615,543,1132,0,0,30
9025,617,610,541,1140,0,0,30
9026,611,619,541,1140,0,0,30
9027,616,613,539,1138,0,0,30
9028,615,614,539,1138,0,0,30
9029,624,611,537,1131,0,0,30
9030,617,615,542,1141,0,0,30
9031,616,613,538,1142,0,0,30
9032,612,606,541,1138,0,0,30
9033,618,608,539,1140,0,0,30
9034,614,610,540,1145,0,0,30
9035,618,614,539,1138,0,0,30
9036,616,607,542,1140,0,0,30
9037,617,612,539,1136,0,0,30
9038,617,616,541,1140,0,0,30
9039,616,611,541,1135,0,0,30
9040,615,613,541,1138,0,0,30
9041,620,615,540,1137,0,0,30
9042,615,615,540,1140,0,0,30
9043,615,609,539,1138,0,0,30
9044,618,613,540,1139,0,0,30
9045,617,608,541,1138,0,0,30
9046,616,614,539,1135,0,0,30
9047,620,611,533,1139,0,0,30
9048,618,609,539,1138,0,0,30
9049,624,608,535,1135,0,0,30
9050,609,611,540,1141,1,0,30
9051,614,611,537,1141,1,0,30
9052,613,607,541,1136,1,0,30
9053,614,613,537,1141,1,0,30
9054,613,615,540,1142,1,0,30
9055,614,612,539,1138,1,0,30
9056,614,598,535,1137,1,0,30
9057,614,603,540,1141,1,0,30
9058,616,607,544,1140,1,0,30
9059,614,609,541,1139,1,0,30
9060,618,608,540,1141,1,0,30
9061,613,613,544,1140,1,0,30
9062,616,615,541,1141,1,0,30
9063,616,614,540,1140,1,0,30
9064,615,604,539,1139,1,0,30
9065,617,613,536,1140,0,0,30
9066,613,608,541,1141,0,0,30
9067,617,607,541,1141,0,0,30
9068,620,612,539,1142,0,0,30
9069,610,610,544,1136,0,0,30
9070,613,602,544,1137,0,0,30
9071,614,611,542,1141,0,0,30
9072,614,612,542,1140,0,0,30
9073,616,611,540,1142,0,0,30
9074,617,595,541,1138,0,0,30
9075,616,613,541,1136,0,0,30
9076,619,614,540,1138,0,0,30
9077,613,613,541,1138,0,0,30
9078,615,617,537,1139,0,0,30
9079,615,617,541,1148,0,0,30
9080,614,611,534,1139,0,0,30
9081,621,613,542,1137,0,0,30
9082,616,622,540,1131,0,0,30
9083,615,610,544,1140,0,0,30
9084,619,614,541,1140,0,0,30
9085,617,610,544,1140,0,0,30
9086,616,611,541,1138,0,0,30
9087,613,612,542,1142,0,0,30
9088,617,605,543,1138,0,0,30
9089,612,608,545,1135,0,0,30
9090,606,607,539,1140,0,0,30
9091,614,619,537,1135,0,0,30
9092,615,599,541,1138,0,0,30
9093,624,618,543,1141,0,0,30
9094,613,610,542,1139,0,0,30
9095,610,615,540,1140,0,0,30
9096,613,610,541,1137,0,0,30
9097,618,607,541,1133,0,0,30
9098,616,616,534,1138,0,0,30
9099,614,614,538,1136,0,0,30
9100,618,605,541,1136,1,0,30
9101,616,604,541,1132,1,0,30
9102,610,613,540,1138,1,0,30
9103,613,608,540,1140,1,0,30
9104,618,607,540,1137,1,0,30
9105,616,607,537,1139,1,0,30
9106,612,610,541,1141,1,0,30
9107,617,614,543,1139,1,0,30
9108,615,609,541,1141,1,0,30
9109,623,610,543,1138,1,0,30
9110,616,612,545,1133,1,0,30
9111,616,605,540,1131,1,0,30
9112,613,610,541,1141,1,0,30
9113,614,613,543,1140,1,0,30
9114,614,602,541,1139,1,0,30
9115,615,614,541,1140,0,0,30
9116,611,613,545,1138,0,0,30
9117,617,618,544,1140,0,0,30
9118,615,617,544,1138,0,0,30
9119,618,613,542,1139,0,0,30
9120,623,612,541,1139,0,0,30
9121,615,608,542,1142,0,0,30
9122,617,609,544,1142,0,0,30
9123,612,609,545,1137,0,0,30
9124,613,609,540,1140,0,0,30
9125,616,610,540,1138,0,0,30
9126,618,610,541,1138,0,0,30
9127,616,601,543,1137,0,0,30
9128,615,610,541,1138,0,0,30
9129,617,599,540,1138,0,0,30
9130,615,609,546,1132,0,0,30
9131,620,612,540,1138,0,0,30
9132,612,609,539,1144,0,0,30
9133,616,609,540,1134,0,0,30
9134,611,610,544,1136,0,0,30
9135,612,605,542,1141,0,0,30
9136,619,620,543,1139,0,0,30
9137,623,612,541,1137,0,0,30
9138,619,605,542,1138,0,0,30
9139,615,610,543,1139,0,0,30
9140,616,610,542,1138,0,0,30
9141,617,616,543,1138,0,0,30
9142,617,613,546,1138,0,0,30
9143,612,612,540,1132,0,0,30
9144,622,610,542,1139,0,0,30
9145,620,613,541,1137,0,0,30
9146,613,617,539,1143,0,0,30
9147,616,612,539,1141,0,0,30
9148,616,611,543,1138,0,0,30
9149,620,606,544,1139,0,0,30
9150,614,616,541,1142,1,0,30
9151,612,612,538,1140,1,0,30
9152,617,605,540,1138,1,0,30
9153,616,617,541,1139,1,0,30
9154,612,608,540,1141,1,0,30
9155,612,613,538,1139,1,0,30
9156,612,615,547,1138,1,0,30
9157,614,605,542,1141,1,0,30
9158,613,611,541,1137,1,0,30
9159,612,606,540,1139,1,0,30
9160,611,601,541,1141,1,0,30
9161,612,599,540,1141,1,0,30
9162,613,605,539,1136,1,0,30
9163,611,613,537,1139,1,0,30
9164,617,612,541,1137,1,0,30
9165,606,610,543,1139,0,0,30
9166,616,612,540,1141,0,0,30
9167,612,606,543,1139,0,0,30
9168,614,610,542,1138,0,0,30
9169,616,608,540,1139,0,0,30
9170,616,611,539,1136,0,0,30
9171,617,613,537,1137,0,0,30
9172,619,609,548,1139,0,0,30
9173,616,609,542,1141,0,0,30
9174,616,613,547,1142,0,0,30
9175,613,612,539,1139,0,0,30
9176,615,609,537,1136,0,0,30
9177,618,613,540,1140,0,0,30
9178,616,616,538,1137,0,0,30
9179,620,611,541,1139,0,0,30
9180,617,612,537,1139,0,0,30
9181,618,607,539,1138,0,0,30
9182,609,610,537,1139,0,0,30
9183,618,603,540,1137,0,0,30
9184,621,614,544,1135,0,0,30
9185,616,613,540,1138,0,0,30
9186,614,602,542,1140,0,0,30
9187,616,606,540,1139,0,0,30
9188,617,609,540,1138,0,0,30
9189,615,613,539,1140,0,0,30
9190,610,613,539,1137,0,0,30
9191,619,618,540,1137,0,0,30
9192,617,606,543,1138,0,0,30
9193,612,610,540,1139,0,0,30
9194,616,610,542,1140,0,0,30
9195,617,608,541,1138,0,0,30
9196,618,598,542,1135,0,0,30
9197,622,612,541,1141,0,0,30
9198,614,607,540,1140,0,0,30
9199,616,620,541,1133,0,0,30
9200,612,612,538,1141,1,0,30
9201,618,612,538,1140,1,0,30
9202,616,611,544,1139,1,0,30
9203,616,612,540,1149,1,0,30
9204,617,613,542,1140,1,0,30
9205,606,613,538,1141,1,0,30
9206,617,610,543,1143,1,0,30
9207,606,610,539,1139,1,0,30
9208,616,611,538,1139,1,0,30
9209,612,607,540,1142,1,0,30
9210,614,614,541,1140,1,0,30
9211,614,609,537,1135,1,0,30
9212,617,609,538,1129,1,0,30
9213,612,606,540,1140,1,0,30
9214,616,613,545,1138,1,0,30
9215,618,612,539,1138,0,0,30
9216,614,610,540,1135,0,0,30
9217,613,603,537,1136,0,0,30
9218,613,615,540,1142,0,0,30
9219,614,618,541,1137,0,0,30
9220,615,615,542,1139,0,0,30
9221,619,610,542,1136,0,0,30
9222,617,609,541,1138,0,0,30
9223,613,604,538,1134,0,0,30
9224,617,613,538,1140,0,0,30
9225,615,610,542,1140,0,0,30
9226,609,612,540,1139,0,0,30
9227,628,611,540,1137,0,0,30
9228,613,614,540,1138,0,0,30
9229,614,614,540,1137,0,0,30
9230,614,617,532,1139,0,0,30
9231,611,611,541,1139,0,0,30
9232,624,612,542,1139,0,0,30
9233,612,612,541,1137,0,0,30
9234,613,611,540,1139,0,0,30
9235,616,610,542,1137,0,0,30
9236,618,611,541,1138,0,0,30
9237,618,613,540,1142,0,0,30
9238,619,616,538,1140,0,0,30
9239,608,606,540,1140,0,0,30
9240,605,612,542,1140,0,0,30
9241,615,611,541,1139,0,0,30
9242,617,620,541,1139,0,0,30
9243,616,621,540,1137,0,0,30
9244,617,612,539,1139,0,0,30
9245,617,607,539,1137,0,0,30
9246,623,612,540,1139,0,0,30
9247,617,612,544,1140,0,0,30
9248,614,609,543,1139,0,0,30
9249,619,606,539,1137,0,0,30
9250,616,600,540,1139,1,0,30
9251,623,613,543,1139,1,0,30
9252,614,609,539,1137,1,0,30
9253,615,603,544,1139,1,0,30
9254,611,601,541,1139,1,0,30
9255,623,609,540,1143,1,0,30
9256,619,615,540,1141,1,0,30
9257,613,609,540,1138,1,0,30
9258,614,610,543,1139,1,0,30
9259,616,611,539,1140,1,0,30
9260,610,608,539,1139,1,0,30
9261,614,607,542,1139,1,0,30
9262,617,616,540,1139,1,0,30
9263,611,608,538,1136,1,0,30
9264,615,609,540,1136,1,0,30
9265,617,608,541,1137,0,0,30
9266,618,606,541,1148,0,0,30
9267,616,609,544,1139,0,0,30
9268,617,614,536,1139,0,0,30
9269,618,601,543,1138,0,0,30
9270,617,614,538,1142,0,0,30
9271,617,607,538,1135,0,0,30
9272,616,602,542,1143,0,0,30
9273,612,612,541,1138,0,0,30
9274,619,611,540,1138,0,0,30
9275,618,618,540,1140,0,0,30
9276,615,611,539,1130,0,0,30
9277,624,614,541,1139,0,0,30
9278,624,610,537,1142,0,0,30
9279,619,615,541,1138,0,0,30
9280,612,613,539,1140,0,0,30
9281,617,609,541,1138,0,0,30
9282,614,612,541,1140,0,0,30
9283,623,617,539,1141,0,0,30
9284,608,615,541,1140,0,0,30
9285,616,614,540,1139,0,0,30
9286,619,613,540,1137,0,0,30
9287,620,610,542,1131,0,0,30
9288,616,616,537,1140,0,0,30
9289,607,612,539,1139,0,0,30
9290,627,613,541,1135,0,0,30
9291,610,611,541,1140,0,0,30
9292,613,611,541,1137,0,0,30
9293,620,619,539,1137,0,0,30
9294,619,612,543,1136,0,0,30
9295,615,607,539,1137,0,0,30
9296,619,610,541,1137,0,0,30
9297,616,610,545,1134,0,0,30
9298,620,614,542,1136,0,0,30
9299,615,617,542,1138,0,0,30
9300,613,613,542,1140,1,0,30
9301,615,622,540,1134,1,0,30
9302,616,609,541,1140,1,0,30
9303,614,613,542,1138,1,0,30
9304,605,610,542,1141,1,0,30
9305,616,608,542,1138,1,0,30
9306,611,610,539,1139,1,0,30
9307,613,613,541,1139,1,0,30
9308,619,610,544,1137,1,0,30
9309,614,617,542,1140,1,0,30
9310,617,612,542,1139,1,0,30
9311,613,615,538,1140,1,0,30
9312,612,609,536,1138,1,0,30
9313,613,614,532,1138,1,0,30
9314,617,614,540,1142,1,0,30
9315,617,614,540,1141,0,0,30
9316,614,611,544,1140,0,0,30
9317,614,617,538,1142,0,0,30
9318,624,601,543,1138,0,0,30
9319,615,612,542,1140,0,0,30
9320,614,607,542,1135,0,0,30
9321,613,614,546,1140,0,0,30
9322,614,607,550,1140,0,0,30
9323,619,615,540,1137,0,0,30
9324,613,609,540,1138,0,0,30
9325,613,604,543,1139,0,0,30
9326,618,614,542,1135,0,0,30
9327,616,610,541,1136,0,0,30
9328,621,611,539,1137,0,0,30
9329,613,607,541,1134,0,0,30
9330,616,613,544,1139,0,0,30
9331,612,613,538,1140,0,0,30
9332,616,615,536,1139,0,0,30
9333,616,612,535,1142,0,0,30
9334,617,611,541,1139,0,0,30
9335,610,608,539,1140,0,0,30
9336,616,612,539,1139,0,0,30
9337,614,611,541,1134,0,0,30
9338,617,609,542,1139,0,0,30
9339,613,608,540,1139,0,0,30
9340,612,611,537,1138,0,0,30
9341,617,624,542,1139,0,0,30
9342,621,605,538,1139,0,0,30
9343,618,607,543,1139,0,0,30
9344,618,609,537,1136,0,0,30
9345,619,606,539,1139,0,0,30
9346,615,619,540,1139,0,0,30
9347,616,609,541,1140,0,0,30
9348,622,612,541,1139,0,0,30
9349,615,613,546,1140,0,0,30
9350,616,610,539,1138,1,0,30
9351,616,612,538,1139,1,0,30
9352,618,600,540,1136,1,0,30
9353,624,611,540,1137,1,0,30
9354,615,612,539,1138,1,0,30
9355,604,611,539,1136,1,0,30
9356,612,610,542,1138,1,0,30
9357,618,612,542,1142,1,0,30
9358,616,613,543,1140,1,0,30
9359,613,619,544,1137,1,0,30
9360,618,610,543,1139,1,0,30
9361,615,611,540,1137,1,0,30
9362,606,612,538,1136,1,0,30
9363,614,614,540,1142,1,0,30
9364,614,612,531,1140,1,0,30
9365,616,611,535,1141,0,0,30
9366,619,595,542,1137,0,0,30
9367,618,608,539,1137,0,0,30
9368,618,614,543,1139,0,0,30
9369,615,611,540,1138,0,0,30
9370,619,612,544,1139,0,0,30
9371,626,605,537,1139,0,0,30
9372,617,614,541,1139,0,0,30
9373,616,614,541,1140,0,0,30
9374,611,608,540,1138,0,0,30
9375,618,612,541,1139,0,0,30
9376,618,611,540,1142,0,0,30
9377,615,609,540,1138,0,0,30
9378,616,610,540,1139,0,0,30
9379,612,610,538,1137,0,0,30
9380,618,614,539,1139,0,0,30
9381,617,612,543,1141,0,0,30
9382,613,607,540,1137,0,0,30
9383,613,608,540,1141,0,0,30
9384,617,614,538,1138,0,0,30
9385,613,617,540,1137,0,0,30
9386,615,615,542,1138,0,0,30
9387,616,612,535,1125,0,0,30
9388,619,607,539,1138,0,0,30
9389,624,613,539,1139,0,0,30
9390,623,630,542,1138,0,0,30
9391,616,617,540,1136,0,0,30
9392,621,611,539,1136,0,0,30
9393,618,606,542,1141,0,0,30
9394,616,599,540,1138,0,0,30
9395,616,611,539,1139,0,0,30
9396,617,613,542,1139,0,0,30
9397,613,616,542,1140,0,0,30
9398,614,612,540,1128,0,0,30
9399,618,611,539,1137,0,0,30
9400,614,607,540,1140,1,0,30
9401,617,607,542,1133,1,0,30
9402,613,612,541,1131,1,0,30
9403,611,605,540,1137,1,0,30
9404,615,614,542,1140,1,0,30
9405,617,614,541,1140,1,0,30
9406,613,611,542,1140,1,0,30
9407,613,607,542,1141,1,0,30
9408,616,615,540,1139,1,0,30
9409,617,608,538,1139,1,0,30
9410,616,610,540,1140,1,0,30
9411,611,611,540,1139,1,0,30
9412,615,610,542,1140,1,0,30
9413,616,609,540,1141,1,0,30
9414,614,614,541,1141,1,0,30
9415,613,613,542,1137,0,0,30
9416,617,613,540,1138,0,0,30
9417,615,608,546,1140,0,0,30
9418,616,614,541,1141,0,0,30
9419,612,619,537,1137,0,0,30
9420,616,613,540,1136,0,0,30
9421,613,604,539,1136,0,0,30
9422,611,612,540,1137,0,0,30
9423,614,610,543,1138,0,0,30
9424,617,620,541,1138,0,0,30
9425,617,616,543,1138,0,0,30
9426,619,620,539,1138,0,0,30
9427,625,610,540,1139,0,0,30
9428,621,609,543,1140,0,0,30
9429,619,631,536,1139,0,0,30
9430,620,612,541,1149,0,0,30
9431,611,603,539,1144,0,0,30
9432,619,612,541,1139,0,0,30
9433,620,614,542,1140,0,0,30
9434,615,611,539,1137,0,0,30
9435,614,609,539,1142,0,0,30
9436,616,609,539,1137,0,0,30
9437,615,614,542,1137,0,0,30
9438,621,608,538,1139,0,0,30
9439,612,613,540,1136,0,0,30
9440,617,613,542,1139,0,0,30
9441,633,618,538,1137,0,0,30
9442,617,606,544,1139,0,0,30
9443,616,609,542,1141,0,0,30
9444,619,615,540,1140,0,0,30
9445,615,608,546,1140,0,0,30
9446,613,612,539,1144,0,0,30
9447,615,613,540,1142,0,0,30
9448,605,615,538,1139,0,0,30
9449,616,617,537,1139,0,0,30
9450,616,606,541,1138,1,0,30
9451,619,623,541,1137,1,0,30
9452,613,600,543,1142,1,0,30
9453,613,611,542,1139,1,0,30
9454,614,610,542,1137,1,0,30
9455,613,611,540,1139,1,0,30
9456,619,610,540,1140,1,0,30
9457,616,609,541,1137,1,0,30
9458,613,605,540,1142,1,0,30
9459,613,596,541,1138,1,0,30
9460,612,609,540,1140,1,0,30
9461,613,612,535,1135,1,0,30
9462,622,600,540,1140,1,0,30
9463,615,613,544,1142,1,0,30
9464,614,605,539,1136,1,0,30
9465,612,611,539,1139,0,0,30
9466,623,610,541,1139,0,0,30
9467,620,612,542,1139,0,0,30
9468,617,611,542,1138,0,0,30
9469,620,608,541,1133,0,0,30
9470,618,616,539,1141,0,0,30
9471,616,610,541,1136,0,0,30
9472,615,618,539,1138,0,0,30
9473,621,615,538,1140,0,0,30
9474,619,607,543,1137,0,0,30
9475,615,609,542,1139,0,0,30
9476,615,613,540,1138,0,0,30
9477,613,615,542,1139,0,0,30
9478,615,607,540,1144,0,0,30
9479,615,611,538,1135,0,0,30
9480,617,613,542,1139,0,0,30
9481,617,612,538,1140,0,0,30
9482,616,618,541,1138,0,0,30
9483,614,623,538,1138,0,0,30
9484,618,610,542,1138,0,0,30
9485,617,614,539,1133,0,0,30
9486,615,611,543,1140,0,0,30
9487,616,607,540,1137,0,0,30
9488,615,613,541,1137,0,0,30
9489,608,612,539,1137,0,0,30
9490,615,614,539,1140,0,0,30
9491,618,611,540,1138,0,0,30
9492,614,612,541,1139,0,0,30
9493,617,610,543,1140,0,0,30
9494,616,612,542,1142,0,0,30
9495,620,613,544,1139,0,0,30
9496,616,615,543,1138,0,0,30
9497,609,608,543,1138,0,0,30
9498,616,606,542,1139,0,0,30
9499,619,610,537,1138,0,0,30
9500,618,612,541,1138,1,0,30
9501,616,605,541,1138,1,0,30
9502,612,613,540,1138,1,0,30
9503,611,615,540,1138,1,0,30
9504,614,614,540,1140,1,0,30
9505,615,609,540,1136,1,0,30
9506,615,613,541,1138,1,0,30
9507,621,607,540,1141,1,0,30
9508,614,606,542,1141,1,0,30
9509,615,612,540,1133,1,0,30
9510,614,613,542,1134,1,0,30
9511,617,607,540,1140,1,0,30
9512,615,616,545,1139,1,0,30
9513,613,611,540,1140,1,0,30
9514,613,608,541,1134,1,0,30
9515,623,611,542,1142,0,0,30
9516,613,610,543,1140,0,0,30
9517,620,604,540,1137,0,0,30
9518,614,615,543,1136,0,0,30
9519,619,616,543,1137,0,0,30
9520,617,616,541,1137,0,0,30
9521,613,614,542,1137,0,0,30
9522,614,613,542,1139,0,0,30
9523,615,609,542,1140,0,0,30
9524,613,620,541,1130,0,0,30
9525,610,610,542,1139,0,0,30
9526,614,611,539,1137,0,0,30
9527,617,608,539,1139,0,0,30
9528,614,614,545,1137,0,0,30
9529,613,621,541,1139,0,0,30
9530,617,611,540,1139,0,0,30
9531,619,613,536,1132,0,0,30
9532,615,615,544,1136,0,0,30
9533,618,612,541,1140,0,0,30
9534,615,616,539,1136,0,0,30
9535,616,612,540,1139,0,0,30
9536,621,613,541,1138,0,0,30
9537,613,611,541,1140,0,0,30
9538,612,612,541,1140,0,0,30
9539,614,612,539,1139,0,0,30
9540,615,608,541,1132,0,0,30
9541,614,609,537,1139,0,0,30
9542,615,615,548,1136,0,0,30
9543,618,611,539,1137,0,0,30
9544,615,611,540,1137,0,0,30
9545,596,612,540,1139,0,0,30
9546,617,603,541,1141,0,0,30
9547,612,614,542,1138,0,0,30
9548,616,608,540,1141,0,0,30
9549,618,619,542,1138,0,0,30
9550,615,609,542,1139,1,0,30
9551,615,609,540,1137,1,0,30
9552,616,613,539,1141,1,0,30
9553,615,613,542,1140,1,0,30
9554,614,619,544,1141,1,0,30
9555,616,613,541,1142,1,0,30
9556,621,611,544,1138,1,0,30
9557,615,607,538,1140,1,0,30
9558,612,612,541,1140,1,0,30
9559,612,615,540,1141,1,0,30
9560,616,603,542,1136,1,0,30
9561,614,607,541,1141,1,0,30
9562,616,607,540,1130,1,0,30
9563,612,611,543,1139,1,0,30
9564,613,610,538,1138,1,0,30
9565,613,610,599,1143,0,0,30
9566,616,614,541,1138,0,0,30
9567,615,612,539,1139,0,0,30
9568,613,606,540,1138,0,0,30
9569,613,605,539,1140,0,0,30
9570,612,614,542,1138,0,0,30
9571,619,611,539,1140,0,0,30
9572,615,618,541,1140,0,0,30
9573,613,602,537,1142,0,0,30
9574,618,612,540,1147,0,0,30
9575,614,610,538,1139,0,0,30
9576,614,612,538,1148,0,0,30
9577,623,615,542,1140,0,0,30
9578,614,613,542,1140,0,0,30
9579,617,610,542,1139,0,0,30
9580,615,604,543,1140,0,0,30
9581,620,611,539,1136,0,0,30
9582,616,613,544,1140,0,0,30
9583,615,611,539,1138,0,0,30
9584,614,613,542,1141,0,0,30
9585,616,612,541,1139,0,0,30
9586,617,610,543,1139,0,0,30
9587,619,607,540,1136,0,0,30
9588,610,609,538,1142,0,0,30
9589,613,615,542,1138,0,0,30
9590,615,611,541,1137,0,0,30
9591,619,609,547,1146,0,0,30
9592,617,611,537,1140,0,0,30
9593,615,611,539,1134,0,0,30
9594,616,604,537,1139,0,0,30
9595,618,608,539,1138,0,0,30
9596,611,613,542,1140,0,0,30
9597,620,611,541,1135,0,0,30
9598,616,610,539,1139,0,0,30
9599,617,611,542,1142,0,0,30
9600,616,618,540,1137,1,0,30
9601,610,615,541,1140,1,0,30
9602,617,610,540,1142,1,0,30
9603,615,615,541,1136,1,0,30
9604,612,614,544,1140,1,0,30
9605,616,621,536,1139,1,0,30
9606,613,625,542,1140,1,0,30
9607,618,609,541,1139,1,0,30
9608,612,609,547,1136,1,0,30
9609,620,609,542,1136,1,0,30
9610,613,614,540,1140,1,0,30
9611,610,610,547,1136,1,0,30
9612,621,607,534,1141,1,0,30
9613,610,607,541,1139,1,0,30
9614,616,607,541,1127,1,0,30
9615,619,612,543,1141,0,0,30
9616,616,610,544,1140,0,0,30
9617,617,607,542,1137,0,0,30
9618,617,613,544,1140,0,0,30
9619,615,615,540,1136,0,0,30
9620,615,611,540,1136,0,0,30
9621,616,620,543,1135,0,0,30
9622,614,617,547,1138,0,0,30
9623,612,613,542,1140,0,0,30
9624,617,600,541,1137,0,0,30
9625,614,606,541,1140,0,0,30
9626,618,620,542,1138,0,0,30
9627,614,619,539,1139,0,0,30
9628,625,614,538,1141,0,0,30
9629,619,609,540,1140,0,0,30
9630,615,613,541,1139,0,0,30
9631,617,609,540,1137,0,0,30
9632,614,611,537,1140,0,0,30
9633,614,613,540,1132,0,0,30
9634,607,614,539,1137,0,0,30
9635,616,613,540,1138,0,0,30
9636,613,608,539,1137,0,0,30
9637,613,611,541,1138,0,0,30
9638,613,613,539,1136,0,0,30
9639,616,610,539,1139,0,0,30
9640,619,611,548,1140,0,0,30
9641,615,613,540,1143,0,0,30
9642,617,608,541,1143,0,0,30
9643,613,616,540,1138,0,0,30
9644,614,614,543,1138,0,0,30
9645,616,605,542,1136,0,0,30
9646,615,610,545,1140,0,0,30
9647,617,610,542,1137,0,0,30
9648,614,612,539,1140,0,0,30
9649,615,614,542,1138,0,0,30
9650,613,613,545,1138,1,0,30
9651,612,604,541,1138,1,0,30
9652,617,612,539,1138,1,0,30
9653,613,614,542,1139,1,0,30
9654,616,611,542,1140,1,0,30
9655,617,608,542,1137,1,0,30
9656,617,609,539,1140,1,0,30
9657,614,608,544,1138,1,0,30
9658,611,608,543,1139,1,0,30
9659,613,611,537,1139,1,0,30
9660,615,608,540,1140,1,0,30
9661,608,610,541,1142,1,0,30
9662,617,616,539,1140,1,0,30
9663,620,610,541,1142,1,0,30
9664,602,610,542,1140,1,0,30
9665,614,616,543,1142,0,0,30
9666,613,609,541,1139,0,0,30
9667,619,612,542,1141,0,0,30
9668,616,607,543,1148,0,0,30
9669,616,607,545,1138,0,0,30
9670,613,614,541,1139,0,0,30
9671,614,616,551,1141,0,0,30
9672,614,610,540,1136,0,0,30
9673,614,610,541,1138,0,0,30
9674,612,611,541,1139,0,0,30
9675,618,614,541,1138,0,0,30
9676,615,608,541,1139,0,0,30
9677,617,593,542,1138,0,0,30
9678,611,610,542,1140,0,0,30
9679,617,612,543,1140,0,0,30
9680,616,609,538,1137,0,0,30
9681,616,614,542,1138,0,0,30
9682,614,616,538,1138,0,0,30
9683,617,611,541,1139,0,0,30
9684,612,592,538,1141,0,0,30
9685,620,613,540,1139,0,0,30
9686,612,607,543,1140,0,0,30
9687,615,605,543,1139,0,0,30
9688,616,613,543,1140,0,0,30
9689,618,620,542,1139,0,0,30
9690,619,605,541,1139,0,0,30
9691,614,611,541,1138,0,0,30
9692,620,627,536,1137,0,0,30
9693,616,613,540,1140,0,0,30
9694,616,612,543,1140,0,0,30
9695,615,610,539,1138,0,0,30
9696,611,612,537,1139,0,0,30
9697,618,617,540,1137,0,0,30
9698,619,612,541,1138,0,0,30
9699,615,612,539,1138,0,0,30
9700,616,610,549,1138,1,0,30
9701,614,610,542,1138,1,0,30
9702,615,613,541,1140,1,0,30
9703,617,615,542,1141,1,0,30
9704,613,613,537,1140,1,0,30
9705,620,612,540,1141,1,0,30
9706,613,613,540,1144,1,0,30
9707,617,623,537,1138,1,0,30
9708,628,610,540,1141,1,0,30
9709,612,614,540,1138,1,0,30
9710,617,616,538,1139,1,0,30
9711,615,620,537,1140,1,0,30
9712,615,613,542,1152,1,0,30
9713,617,609,543,1138,1,0,30
9714,618,612,540,1139,1,0,30
9715,614,613,542,1141,0,0,30
9716,614,611,541,1140,0,0,30
9717,626,611,540,1139,0,0,30
9718,617,611,543,1139,0,0,30
9719,617,611,538,1146,0,0,30
9720,616,611,539,1138,0,0,30
9721,615,611,537,1141,0,0,30
9722,617,608,542,1138,0,0,30
9723,620,610,540,1139,0,0,30
9724,614,611,548,1139,0,0,30
9725,617,614,539,1141,0,0,30
9726,615,613,538,1136,0,0,30
9727,618,611,540,1138,0,0,30
9728,620,610,540,1137,0,0,30
9729,617,609,537,1136,0,0,30
9730,610,612,544,1136,0,0,30
9731,618,607,537,1140,0,0,30
9732,616,613,541,1138,0,0,30
9733,615,616,539,1140,0,0,30
9734,619,599,542,1138,0,0,30
9735,619,605,538,1139,0,0,30
9736,617,611,541,1137,0,0,30
9737,610,612,538,1139,0,0,30
9738,616,612,539,1132,0,0,30
9739,614,614,542,1134,0,0,30
9740,611,611,543,1137,0,0,30
9741,615,599,545,1138,0,0,30
9742,616,614,538,1138,0,0,30
9743,619,605,541,1139,0,0,30
9744,613,621,541,1141,0,0,30
9745,617,606,539,1142,0,0,30
9746,619,614,539,1138,0,0,30
9747,620,624,544,1137,0,0,30
9748,625,609,541,1138,0,0,30
9749,618,614,540,1139,0,0,30
9750,616,612,541,1139,1,0,30
9751,614,612,545,1136,1,0,30
9752,609,612,543,1137,1,0,30
9753,613,609,539,1139,1,0,30
9754,611,615,539,1140,1,0,30
9755,616,611,539,1142,1,0,30
9756,613,611,539,1130,1,0,30
9757,615,615,542,1139,1,0,30
9758,614,615,541,1137,1,0,30
9759,616,606,555,1140,1,0,30
9760,613,605,538,1135,1,0,30
9761,614,612,539,1139,1,0,30
9762,613,615,542,1148,1,0,30
9763,617,612,539,1139,1,0,30
9764,615,605,540,1142,1,0,30
9765,615,612,542,1134,0,0,30
9766,618,607,533,1140,0,0,30
9767,614,618,539,1136,0,0,30
9768,617,607,541,1139,0,0,30
9769,615,605,541,1141,0,0,30
9770,614,610,542,1138,0,0,30
9771,623,608,538,1139,0,0,30
9772,619,616,539,1137,0,0,30
9773,610,612,542,1146,0,0,30
9774,608,609,539,1139,0,0,30
9775,618,612,541,1139,0,0,30
9776,618,614,543,1140,0,0,30
9777,612,616,541,1137,0,0,30
9778,612,604,540,1132,0,0,30
9779,617,605,539,1139,0,0,30
9780,616,602,542,1132,0,0,30
9781,617,607,544,1137,0,0,30
9782,618,608,540,1139,0,0,30
9783,615,617,543,1140,0,0,30
9784,610,614,546,1137,0,0,30
9785,617,610,537,1138,0,0,30
9786,611,618,540,1137,0,0,30
9787,626,611,542,1141,0,0,30
9788,617,611,545,1141,0,0,30
9789,617,607,540,1136,0,0,30
9790,619,610,537,1140,0,0,30
9791,617,611,541,1139,0,0,30
9792,615,617,539,1139,0,0,30
9793,621,611,546,1140,0,0,30
9794,619,621,537,1140,0,0,30
9795,620,612,544,1140,0,0,30
9796,617,614,539,1140,0,0,30
9797,620,607,543,1137,0,0,30
9798,615,613,539,1142,0,0,30
9799,616,618,542,1140,0,0,30
9800,618,614,537,1140,1,0,30
9801,617,611,540,1139,1,0,30
9802,612,608,541,1141,1,0,30
9803,613,605,542,1139,1,0,30
9804,616,609,539,1138,1,0,30
9805,601,613,540,1141,1,0,30
9806,614,610,541,1137,1,0,30
9807,615,611,540,1141,1,0,30
9808,615,614,537,1144,1,0,30
9809,611,609,541,1139,1,0,30
9810,607,610,539,1140,1,0,30
9811,612,615,540,1140,1,0,30
9812,615,612,542,1139,1,0,30
9813,620,612,540,1141,1,0,30
9814,615,620,541,1141,1,0,30
9815,608,616,540,1140,0,0,30
9816,615,605,532,1139,0,0,30
9817,613,611,545,1138,0,0,30
9818,615,612,541,1137,0,0,30
9819,614,607,542,1140,0,0,30
9820,614,610,541,1139,0,0,30
9821,622,615,541,1136,0,0,30
9822,621,607,541,1137,0,0,30
9823,617,611,540,1137,0,0,30
9824,617,610,542,1133,0,0,30
9825,616,616,540,1137,0,0,30
9826,615,614,540,1141,0,0,30
9827,618,616,538,1138,0,0,30
9828,615,620,541,1139,0,0,30
9829,620,611,541,1138,0,0,30
9830,625,599,539,1140,0,0,30
9831,616,604,544,1140,0,0,30
9832,619,613,539,1137,0,0,30
9833,619,612,535,1139,0,0,30
9834,613,626,541,1138,0,0,30
9835,614,614,544,1137,0,0,30
9836,617,620,542,1138,0,0,30
9837,618,606,541,1139,0,0,30
9838,617,617,544,1136,0,0,30
9839,615,617,541,1139,0,0,30
9840,620,605,541,1137,0,0,30
9841,615,614,538,1139,0,0,30
9842,613,619,543,1137,0,0,30
9843,605,607,542,1137,0,0,30
9844,618,612,542,1139,0,0,30
9845,622,626,542,1138,0,0,30
9846,614,610,539,1140,0,0,30
9847,616,610,542,1140,0,0,30
9848,620,619,538,1140,0,0,30
9849,618,614,539,1137,0,0,30
9850,613,621,543,1138,1,0,30
9851,603,611,535,1138,1,0,30
9852,613,612,538,1139,1,0,30
9853,612,611,542,1140,1,0,30
9854,612,615,542,1139,1,0,30
9855,609,609,542,1139,1,0,30
9856,619,609,545,1143,1,0,30
9857,618,614,542,1139,1,0,30
9858,611,612,542,1141,1,0,30
9859,613,619,542,1141,1,0,30
9860,615,612,538,1135,1,0,30
9861,614,610,540,1140,1,0,30
9862,615,611,541,1139,1,0,30
9863,603,613,541,1140,1,0,30
9864,613,611,543,1138,1,0,30
9865,618,605,541,1137,0,0,30
9866,614,612,540,1139,0,0,30
9867,611,619,543,1141,0,0,30
9868,618,610,540,1134,0,0,30
9869,619,610,543,1138,0,0,30
9870,615,612,544,1147,0,0,30
9871,615,610,539,1142,0,0,30
9872,616,615,541,1141,0,0,30
9873,611,613,542,1140,0,0,30
9874,622,612,540,1141,0,0,30
9875,620,610,540,1139,0,0,30
9876,618,612,540,1142,0,0,30
9877,613,615,541,1136,0,0,30
9878,621,616,541,1135,0,0,30
9879,615,612,543,1139,0,0,30
9880,621,606,541,1139,0,0,30
9881,614,612,544,1139,0,0,30
9882,613,614,540,1140,0,0,30
9883,613,615,540,1150,0,0,30
9884,615,607,539,1138,0,0,30
9885,614,616,536,1137,0,0,30
9886,611,610,536,1141,0,0,30
9887,613,611,542,1138,0,0,30
9888,617,614,539,1140,0,0,30
9889,617,612,543,1137,0,0,30
9890,617,611,539,1136,0,0,30
9891,614,615,540,1137,0,0,30
9892,615,615,541,1135,0,0,30
9893,617,604,537,1143,0,0,30
9894,616,612,538,1138,0,0,30
9895,625,613,539,1139,0,0,30
9896,616,618,537,1138,0,0,30
9897,614,608,541,1140,0,0,30
9898,611,612,538,1138,0,0,30
9899,614,613,538,1142,0,0,30
9900,615,611,539,1139,1,0,30
9901,617,609,540,1139,1,0,30
9902,616,616,540,1134,1,0,30
9903,616,612,539,1138,1,0,30
9904,620,612,541,1141,1,0,30
9905,615,610,539,1142,1,0,30
9906,614,619,543,1140,1,0,30
9907,614,615,541,1138,1,0,30
9908,609,611,535,1140,1,0,30
9909,618,605,542,1139,1,0,30
9910,612,614,538,1140,1,0,30
9911,617,608,542,1138,1,0,30
9912,618,613,541,1140,1,0,30
9913,620,611,540,1140,1,0,30
9914,614,609,540,1141,1,0,30
9915,615,607,539,1140,0,0,30
9916,614,603,540,1139,0,0,30
9917,613,608,539,1136,0,0,30
9918,614,613,539,1138,0,0,30
9919,617,609,541,1141,0,0,30
9920,618,616,542,1136,0,0,30
9921,616,613,542,1145,0,0,30
9922,612,607,540,1136,0,0,30
9923,616,616,542,1142,0,0,30
9924,614,609,538,1138,0,0,30
9925,615,613,542,1142,0,0,30
9926,618,612,543,1141,0,0,30
9927,620,617,541,1139,0,0,30
9928,618,607,538,1138,0,0,30
9929,614,615,546,1137,0,0,30
9930,614,615,539,1140,0,0,30
9931,616,611,541,1139,0,0,30
9932,622,612,537,1140,0,0,30
9933,620,611,540,1136,0,0,30
9934,611,612,540,1139,0,0,30
9935,614,606,542,1135,0,0,30
9936,615,611,542,1139,0,0,30
9937,618,610,538,1139,0,0,30
9938,614,606,541,1136,0,0,30
9939,615,613,539,1139,0,0,30
9940,615,611,541,1136,0,0,30
9941,614,608,541,1139,0,0,30
9942,611,612,544,1138,0,0,30
9943,617,609,541,1139,0,0,30
9944,618,613,540,1142,0,0,30
9945,618,608,541,1137,0,0,30
9946,615,613,539,1140,0,0,30
9947,621,610,541,1138,0,0,30
9948,618,611,540,1137,0,0,30
9949,615,611,541,1139,0,0,30
9950,613,615,539,1141,1,0,30
9951,615,604,539,1138,1,0,30
9952,618,613,540,1139,1,0,30
9953,611,611,538,1138,1,0,30
9954,610,610,542,1140,1,0,30
9955,616,610,541,1140,1,0,30
9956,613,620,541,1138,1,0,30
9957,614,613,543,1139,1,0,30
9958,610,609,539,1138,1,0,30
9959,613,606,538,1141,1,0,30
9960,613,616,535,1140,1,0,30
9961,615,613,541,1139,1,0,30
9962,616,608,542,1140,1,0,30
9963,612,618,539,1140,1,0,30
9964,619,615,542,1138,1,0,30
9965,614,609,540,1134,0,0,30
9966,614,613,541,1139,0,0,30
9967,618,605,542,1139,0,0,30
9968,611,607,540,1138,0,0,30
9969,616,608,543,1138,0,0,30
9970,617,608,542,1138,0,0,30
9971,613,609,541,1136,0,0,30
9972,617,615,540,1142,0,0,30
9973,615,615,543,1135,0,0,30
9974,617,605,541,1140,0,0,30
9975,614,613,548,1135,0,0,30
9976,613,610,537,1137,0,0,30
9977,614,608,542,1141,0,0,30
9978,621,613,538,1141,0,0,30
9979,616,610,535,1137,0,0,30
9980,616,614,540,1144,0,0,30
9981,613,606,538,1138,0,0,30
9982,613,596,542,1137,0,0,30
9983,617,610,542,1137,0,0,30
9984,616,615,539,1138,0,0,30
9985,610,605,540,1140,0,0,30
9986,626,613,541,1138,0,0,30
9987,624,613,540,1138,0,0,30
9988,613,613,537,1138,0,0,30
9989,618,608,540,1138,0,0,30
9990,613,615,545,1138,0,0,30
9991,616,611,541,1136,0,0,30
9992,614,609,540,1141,0,0,30
9993,620,615,538,1143,0,0,30
9994,618,610,540,1133,0,0,30
9995,619,611,542,1140,0,0,30
9996,608,612,542,1136,0,0,30
9997,615,610,541,1139,0,0,30
9998,616,614,539,1139,0,0,30
9999,610,609,541,1142,0,0,30
10000,616,611,541,1142,1,0,30
10001,613,612,539,1141,1,0,30
10002,622,613,537,1141,1,0,30
10003,617,613,538,1139,1,0,30
10004,621,609,540,1142,1,0,30
10005,616,612,538,1138,1,0,30
10006,616,617,540,1141,1,0,30
10007,607,611,543,1141,1,0,30
10008,612,611,542,1137,1,0,30
10009,619,603,538,1138,1,0,30
10010,617,612,540,1139,1,0,30
10011,618,609,537,1138,1,0,30
10012,620,614,537,1140,1,0,30
10013,618,613,540,1140,1,0,30
10014,612,600,542,1144,1,0,30
10015,615,609,543,1138,0,0,30
10016,616,605,538,1140,0,0,30
10017,614,621,540,1139,0,0,30
10018,622,613,540,1134,0,0,30
10019,613,598,541,1140,0,0,30
10020,618,612,541,1139,0,0,30
10021,618,617,550,1138,0,0,30
10022,616,610,539,1132,0,0,30
10023,620,607,540,1138,0,0,30
10024,616,608,545,1136,0,0,30
10025,620,612,543,1140,0,0,30
10026,616,612,540,1139,0,0,30
10027,622,619,539,1138,0,0,30
10028,619,609,541,1141,0,0,30
10029,613,609,537,1140,0,0,30
10030,621,616,539,1139,0,0,30
10031,614,616,539,1139,0,0,30
10032,617,610,541,1138,0,0,30
10033,620,607,537,1139,0,0,30
10034,617,610,543,1137,0,0,30
10035,618,593,542,1138,0,0,30
10036,615,612,538,1137,0,0,30
10037,616,615,541,1140,0,0,30
10038,611,611,532,1139,0,0,30
10039,619,610,539,1136,0,0,30
10040,621,606,542,1137,0,0,30
10041,620,610,543,1140,0,0,30
10042,617,612,543,1139,0,0,30
10043,616,614,541,1148,0,0,30
10044,616,609,540,1140,0,0,30
10045,615,615,540,1141,0,0,30
10046,622,606,539,1137,0,0,30
10047,615,613,540,1136,0,0,30
10048,610,597,536,1142,0,0,30
10049,614,610,543,1137,0,0,30
10050,615,610,539,1129,1,0,30
10051,614,609,540,1140,1,0,30
10052,613,602,540,1137,1,0,30
10053,615,613,539,1138,1,0,30
10054,611,614,541,1140,1,0,30
10055,622,608,540,1140,1,0,30
10056,618,614,541,1140,1,0,30
10057,616,613,543,1140,1,0,30
10058,612,618,542,1141,1,0,30
10059,615,613,539,1139,1,0,30
10060,617,614,539,1138,1,0,30
10061,618,610,541,1139,1,0,30
10062,615,614,542,1141,1,0,30
10063,613,614,537,1139,1,0,30
10064,615,613,540,1135,1,0,30
10065,613,612,540,1138,0,0,30
10066,612,609,540,1137,0,0,30
10067,615,608,540,1143,0,0,30
10068,616,615,543,1138,0,0,30
10069,615,610,544,1139,0,0,30
10070,614,612,543,1137,0,0,30
10071,617,616,541,1138,0,0,30
10072,618,608,541,1136,0,0,30
10073,616,609,540,1139,0,0,30
10074,616,615,540,1139,0,0,30
10075,615,613,542,1138,0,0,30
10076,612,613,543,1137,0,0,30
10077,622,614,539,1138,0,0,30
10078,614,617,541,1138,0,0,30
10079,614,612,539,1141,0,0,30
10080,612,614,543,1144,0,0,30
10081,610,624,541,1139,0,0,30
10082,616,611,538,1144,0,0,30
10083,612,609,542,1139,0,0,30
10084,619,618,541,1139,0,0,30
10085,617,613,541,1139,0,0,30
10086,619,621,542,1142,0,0,30
10087,617,609,545,1140,0,0,30
10088,616,607,543,1136,0,0,30
10089,618,613,545,1139,0,0,30
10090,614,613,541,1134,0,0,30
10091,615,601,544,1136,0,0,30
10092,618,610,542,1141,0,0,30
10093,616,611,541,1140,0,0,30
10094,616,615,540,1137,0,0,30
10095,617,613,540,1138,0,0,30
10096,617,610,539,1138,0,0,30
10097,613,614,541,1139,0,0,30
10098,614,607,541,1144,0,0,30
10099,614,615,541,1139,0,0,30
10100,614,612,538,1141,1,0,30
10101,614,619,541,1139,1,0,30
10102,614,607,538,1132,1,0,30
10103,623,619,542,1139,1,0,30
10104,616,615,539,1140,1,0,30
10105,615,605,542,1139,1,0,30
10106,609,612,542,1141,1,0,30
10107,613,610,543,1137,1,0,30
10108,615,613,540,1139,1,0,30
10109,617,615,544,1140,1,0,30
10110,614,613,532,1139,1,0,30
10111,614,609,546,1139,1,0,30
10112,616,613,541,1139,1,0,30
10113,616,612,548,1141,1,0,30
10114,614,608,547,1138,1,0,30
10115,615,613,541,1139,0,0,30
10116,616,608,540,1139,0,0,30
10117,614,608,540,1142,0,0,30
10118,617,618,541,1139,0,0,30
10119,617,613,541,1130,0,0,30
10120,616,607,538,1140,0,0,30
10121,622,609,537,1140,0,0,30
10122,617,609,542,1138,0,0,30
10123,613,614,540,1138,0,0,30
10124,613,611,538,1134,0,0,30
10125,616,611,535,1139,0,0,30
10126,616,608,536,1139,0,0,30
10127,617,609,542,1140,0,0,30
10128,619,620,540,1139,0,0,30
10129,611,605,540,1140,0,0,30
10130,614,612,540,1141,0,0,30
10131,607,612,541,1142,0,0,30
10132,617,611,533,1141,0,0,30
10133,614,611,540,1147,0,0,30
10134,621,613,544,1134,0,0,30
10135,617,608,540,1136,0,0,30
10136,617,608,541,1140,0,0,30
10137,616,612,539,1140,0,0,30
10138,612,613,542,1143,0,0,30
10139,618,611,543,1137,0,0,30
10140,615,611,538,1139,0,0,30
10141,615,603,533,1144,0,0,30
10142,617,614,542,1139,0,0,30
10143,611,617,539,1136,0,0,30
10144,616,613,539,1140,0,0,30
10145,615,609,540,1138,0,0,30
10146,622,613,537,1127,0,0,30
10147,615,613,541,1138,0,0,30
10148,616,609,541,1137,0,0,30
10149,615,608,538,1140,0,0,30
10150,616,611,541,1140,1,0,30
10151,616,610,541,1140,1,0,30
10152,617,594,540,1137,1,0,30
10153,615,615,540,1139,1,0,30
10154,621,613,539,1141,1,0,30
10155,615,621,542,1138,1,0,30
10156,616,601,544,1138,1,0,30
10157,612,630,538,1141,1,0,30
10158,615,614,539,1139,1,0,30
10159,613,606,539,1138,1,0,30
10160,607,613,542,1141,1,0,30
10161,617,610,542,1137,1,0,30
10162,621,609,543,1136,1,0,30
10163,604,613,541,1138,1,0,30
10164,620,613,542,1140,1,0,30
10165,614,612,541,1137,0,0,30
10166,616,610,546,1141,0,0,30
10167,622,612,540,1138,0,0,30
10168,624,613,539,1139,0,0,30
10169,612,611,545,1138,0,0,30
10170,619,609,541,1136,0,0,30
10171,618,612,541,1139,0,0,30
10172,616,612,544,1135,0,0,30
10173,616,613,541,1138,0,0,30
10174,613,612,546,1132,0,0,30
10175,618,610,539,1140,0,0,30
10176,614,611,541,1139,0,0,30
10177,617,608,543,1137,0,0,30
10178,617,610,539,1136,0,0,30
10179,619,615,541,1135,0,0,30
10180,623,607,540,1140,0,0,30
10181,617,609,542,1137,0,0,30
10182,610,612,543,1139,0,0,30
10183,626,613,540,1139,0,0,30
10184,616,614,542,1138,0,0,30
10185,619,629,538,1140,0,0,30
10186,617,607,540,1135,0,0,30
10187,614,620,549,1138,0,0,30
10188,613,610,539,1137,0,0,30
10189,612,608,542,1135,0,0,30
10190,614,612,542,1139,0,0,30
10191,614,616,539,1137,0,0,30
10192,614,611,545,1140,0,0,30
10193,620,611,541,1139,0,0,30
10194,619,613,538,1134,0,0,30
10195,617,613,540,1141,0,0,30
10196,614,607,540,1141,0,0,30
10197,612,613,539,1137,0,0,30
10198,612,610,539,1139,0,0,30
10199,616,607,541,1140,0,0,30
10200,615,613,543,1138,1,0,30
10201,616,610,541,1140,1,0,30
10202,619,609,542,1138,1,0,30
10203,617,614,541,1141,1,0,30
10204,621,610,540,1145,1,0,30
10205,615,611,540,1139,1,0,30
10206,611,613,544,1138,1,0,30
10207,616,611,537,1139,1,0,30
10208,612,607,540,1140,1,0,30
10209,615,605,538,1140,1,0,30
10210,612,611,539,1142,1,0,30
10211,619,613,541,1143,1,0,30
10212,617,611,540,1135,1,0,30
10213,615,607,534,1138,1,0,30
10214,610,604,543,1141,1,0,30
10215,617,613,543,1140,0,0,30
10216,623,607,542,1139,0,0,30
10217,621,612,539,1140,0,0,30
10218,620,601,548,1139,0,0,30
10219,615,610,543,1139,0,0,30
10220,619,611,542,1148,0,0,30
10221,614,616,544,1139,0,0,30
10222,614,606,541,1141,0,0,30
10223,621,610,539,1138,0,0,30
10224,620,613,541,1139,0,0,30
10225,615,609,540,1139,0,0,30
10226,615,597,540,1138,0,0,30
10227,614,613,541,1139,0,0,30
10228,618,612,542,1137,0,0,30
10229,614,610,539,1139,0,0,30
10230,615,612,539,1140,0,0,30
10231,617,613,540,1138,0,0,30
10232,616,609,542,1138,0,0,30
10233,619,609,537,1139,0,0,30
10234,613,614,540,1141,0,0,30
10235,614,608,541,1138,0,0,30
10236,616,611,540,1138,0,0,30
10237,616,608,541,1138,0,0,30
10238,612,612,541,1136,0,0,30
10239,617,610,540,1140,0,0,30
10240,615,619,542,1138,0,0,30
10241,615,613,538,1138,0,0,30
10242,615,614,543,1140,0,0,30
10243,613,609,541,1136,0,0,30
10244,615,612,539,1137,0,0,30
10245,615,613,541,1137,0,0,30
10246,611,611,543,1138,0,0,30
10247,615,610,538,1132,0,0,30
10248,613,620,541,1135,0,0,30
10249,623,615,537,1139,0,0,30
10250,614,618,538,1138,1,0,30
10251,614,610,542,1134,1,0,30
10252,616,610,540,1142,1,0,30
10253,615,611,538,1140,1,0,30
10254,613,612,538,1139,1,0,30
10255,616,609,539,1136,1,0,30
10256,615,611,541,1137,1,0,30
10257,615,611,540,1140,1,0,30
10258,614,615,540,1137,1,0,30
10259,616,610,545,1139,1,0,30
10260,608,614,542,1141,1,0,30
10261,614,615,541,1141,1,0,30
10262,610,613,542,1139,1,0,30
10263,615,611,540,1139,1,0,30
10264,624,609,539,1144,1,0,30
10265,618,609,544,1135,0,0,30
10266,614,615,539,1146,0,0,30
10267,607,616,543,1138,0,0,30
10268,618,603,537,1132,0,0,30
10269,617,615,538,1148,0,0,30
10270,616,611,539,1137,0,0,30
10271,618,616,541,1142,0,0,30
10272,617,612,542,1138,0,0,30
10273,615,610,541,1132,0,0,30
10274,617,614,543,1139,0,0,30
10275,612,611,536,1139,0,0,30
10276,613,604,540,1138,0,0,30
10277,619,609,540,1137,0,0,30
10278,615,609,542,1135,0,0,30
10279,624,620,540,1143,0,0,30
10280,613,609,541,1140,0,0,30
10281,616,611,542,1143,0,0,30
10282,616,612,542,1140,0,0,30
10283,614,616,539,1139,0,0,30
10284,616,601,540,1147,0,0,30
10285,613,613,537,1134,0,0,30
10286,613,608,538,1139,0,0,30
10287,616,614,541,1141,0,0,30
10288,610,610,539,1139,0,0,30
10289,618,609,542,1141,0,0,30
10290,614,609,542,1139,0,0,30
10291,618,613,541,1141,0,0,30
10292,614,610,542,1141,0,0,30
10293,620,616,538,1140,0,0,30
10294,619,608,545,1138,0,0,30
10295,617,605,540,1144,0,0,30
10296,619,613,539,1139,0,0,30
10297,613,613,540,1143,0,0,30
10298,617,608,540,1144,0,0,30
10299,618,612,541,1137,0,0,30
10300,616,608,541,1141,1,0,30
10301,615,610,543,1140,1,0,30
10302,615,613,541,1138,1,0,30
10303,612,612,545,1139,1,0,30
10304,617,611,539,1139,1,0,30
10305,611,605,542,1140,1,0,30
10306,616,609,543,1135,1,0,30
10307,619,608,541,1140,1,0,30
10308,615,622,535,1140,1,0,30
10309,610,617,540,1140,1,0,30
10310,614,608,536,1136,1,0,30
10311,618,612,542,1138,1,0,30
10312,612,604,542,1141,1,0,30
10313,613,614,539,1135,1,0,30
10314,611,601,541,1138,1,0,30
10315,613,607,540,1140,0,0,30
10316,617,612,536,1140,0,0,30
10317,611,617,541,1140,0,0,30
10318,614,611,541,1140,0,0,30
10319,617,620,539,1138,0,0,30
10320,619,626,541,1140,0,0,30
10321,619,602,544,1141,0,0,30
10322,612,612,541,1137,0,0,30
10323,615,613,545,1141,0,0,30
10324,615,617,537,1138,0,0,30
10325,615,610,539,1138,0,0,30
10326,618,609,536,1140,0,0,30
10327,619,614,543,1138,0,0,30
10328,615,612,539,1139,0,0,30
10329,613,609,539,1143,0,0,30
10330,615,610,541,1136,0,0,30
10331,618,614,539,1141,0,0,30
10332,621,614,535,1137,0,0,30
10333,617,613,539,1140,0,0,30
10334,617,612,541,1139,0,0,30
10335,612,613,541,1134,0,0,30
10336,617,609,539,1137,0,0,30
10337,620,611,539,1138,0,0,30
10338,617,611,539,1136,0,0,30
10339,618,610,538,1140,0,0,30
10340,616,616,541,1138,0,0,30
10341,613,607,539,1140,0,0,30
10342,622,617,540,1138,0,0,30
10343,615,613,544,1138,0,0,30
10344,614,611,540,1139,0,0,30
10345,614,613,542,1144,0,0,30
10346,613,613,542,1138,0,0,30
10347,619,614,541,1140,0,0,30
10348,617,613,542,1135,0,0,30
10349,611,614,542,1136,0,0,30
10350,617,608,541,1141,1,0,30
10351,617,614,540,1136,1,0,30
10352,619,606,541,1142,1,0,30
10353,611,612,540,1141,1,0,30
10354,614,610,539,1138,1,0,30
10355,614,608,539,1139,1,0,30
10356,620,610,539,1138,1,0,30
10357,615,618,541,1141,1,0,30
10358,611,611,539,1138,1,0,30
10359,613,615,540,1139,1,0,30
10360,616,619,541,1139,1,0,30
10361,614,604,537,1137,1,0,30
10362,623,610,540,1139,1,0,30
10363,610,610,540,1141,1,0,30
10364,618,620,538,1137,1,0,30
10365,616,611,541,1145,0,0,30
10366,614,608,542,1138,0,0,30
10367,626,611,541,1137,0,0,30
10368,613,623,546,1140,0,0,30
10369,611,608,538,1136,0,0,30
10370,616,610,541,1138,0,0,30
10371,615,610,538,1137,0,0,30
10372,614,612,542,1144,0,0,30
10373,618,610,540,1134,0,0,30
10374,613,614,542,1138,0,0,30
10375,614,607,542,1138,0,0,30
10376,617,608,544,1138,0,0,30
10377,617,612,539,1139,0,0,30
10378,614,611,541,1136,0,0,30
10379,615,612,539,1139,0,0,30
10380,617,608,540,1140,0,0,30
10381,620,615,540,1139,0,0,30
10382,616,611,541,1139,0,0,30
10383,617,615,546,1138,0,0,30
10384,616,608,539,1139,0,0,30
10385,617,607,541,1141,0,0,30
10386,616,611,540,1140,0,0,30
10387,615,611,540,1138,0,0,30
10388,612,611,542,1138,0,0,30
10389,618,609,541,1142,0,0,30
10390,615,608,537,1140,0,0,30
10391,615,605,542,1138,0,0,30
10392,615,606,541,1142,0,0,30
10393,616,611,544,1142,0,0,30
10394,613,608,540,1142,0,0,30
10395,610,613,542,1137,0,0,30
10396,613,608,539,1142,0,0,30
10397,616,616,541,1135,0,0,30
10398,617,619,542,1142,0,0,30
10399,611,607,541,1141,0,0,30
10400,616,611,541,1147,1,0,30
10401,619,613,542,1136,1,0,30
10402,616,621,541,1141,1,0,30
10403,614,613,540,1142,1,0,30
10404,614,612,544,1140,1,0,30
10405,616,612,541,1140,1,0,30
10406,618,615,541,1138,1,0,30
10407,616,610,540,1141,1,0,30
10408,617,612,541,1141,1,0,30
10409,623,611,541,1145,1,0,30
10410,614,611,542,1141,1,0,30
10411,614,613,539,1140,1,0,30
10412,614,610,542,1134,1,0,30
10413,612,612,535,1138,1,0,30
10414,616,614,542,1142,1,0,30
10415,614,614,540,1141,0,0,30
10416,617,613,540,1146,0,0,30
10417,614,610,541,1135,0,0,30
10418,612,606,540,1141,0,0,30
10419,610,605,539,1144,0,0,30
10420,618,614,542,1140,0,0,30
10421,614,609,540,1141,0,0,30
10422,614,614,542,1137,0,0,30
10423,613,605,540,1142,0,0,30
10424,618,613,541,1138,0,0,30
10425,615,607,541,1140,0,0,30
10426,617,611,546,1134,0,0,30
10427,612,611,542,1137,0,0,30
10428,617,613,540,1139,0,0,30
10429,617,614,542,1138,0,0,30
10430,614,613,547,1142,0,0,30
10431,615,612,541,1140,0,0,30
10432,628,610,537,1141,0,0,30
10433,621,611,541,1139,0,0,30
10434,613,620,539,1139,0,0,30
10435,613,613,541,1138,0,0,30
10436,617,618,541,1140,0,0,30
10437,618,612,541,1140,0,0,30
10438,616,610,540,1142,0,0,30
10439,613,618,542,1136,0,0,30
10440,618,613,541,1138,0,0,30
10441,618,607,545,1139,0,0,30
10442,616,610,540,1140,0,0,30
10443,615,610,540,1138,0,0,30
10444,614,610,541,1138,0,0,30
10445,615,620,540,1143,0,0,30
10446,608,612,541,1139,0,0,30
10447,621,614,545,1137,0,0,30
10448,614,609,541,1136,0,0,30
10449,616,610,541,1135,0,0,30
10450,616,618,538,1141,1,0,30
10451,605,605,538,1139,1,0,30
10452,615,614,539,1141,1,0,30
10453,609,613,534,1137,1,0,30
10454,615,606,541,1139,1,0,30
10455,619,607,539,1136,1,0,30
10456,614,610,545,1141,1,0,30
10457,613,612,540,1139,1,0,30
10458,615,617,542,1141,1,0,30
10459,620,624,540,1138,1,0,30
10460,610,614,538,1138,1,0,30
10461,598,617,539,1140,1,0,30
10462,616,612,545,1137,1,0,30
10463,615,598,539,1135,1,0,30
10464,612,603,543,1140,1,0,30
10465,618,610,542,1137,0,0,30
10466,613,606,543,1136,0,0,30
10467,620,605,542,1139,0,0,30
10468,614,612,542,1146,0,0,30
10469,623,613,540,1140,0,0,30
10470,612,607,539,1137,0,0,30
10471,615,608,541,1135,0,0,30
10472,616,611,541,1143,0,0,30
10473,617,613,540,1139,0,0,30
10474,614,610,541,1138,0,0,30
10475,624,609,540,1138,0,0,30
10476,606,604,541,1140,0,0,30
10477,612,608,543,1138,0,0,30
10478,613,616,542,1136,0,0,30
10479,613,611,539,1137,0,0,30
10480,616,609,536,1137,0,0,30
10481,611,611,542,1139,0,0,30
10482,615,615,539,1140,0,0,30
10483,618,612,541,1140,0,0,30
10484,613,608,541,1139,0,0,30
10485,611,611,542,1138,0,0,30
10486,614,612,544,1140,0,0,30
10487,615,615,544,1139,0,0,30
10488,620,612,543,1142,0,0,30
10489,614,616,541,1136,0,0,30
10490,616,606,545,1141,0,0,30
10491,616,613,542,1138,0,0,30
10492,614,611,541,1143,0,0,30
10493,614,621,541,1142,0,0,30
10494,617,608,540,1135,0,0,30
10495,613,610,540,1141,0,0,30
10496,615,611,540,1138,0,0,30
10497,620,622,537,1140,0,0,30
10498,612,613,544,1143,0,0,30
10499,610,612,540,1143,0,0,30
10500,617,601,543,1140,1,0,30
10501,614,610,541,1138,1,0,30
10502,614,607,541,1140,1,0,30
10503,615,611,542,1138,1,0,30
10504,613,609,539,1137,1,0,30
10505,616,612,541,1138,1,0,30
10506,616,615,540,1139,1,0,30
10507,614,609,533,1141,1,0,30
10508,617,617,540,1139,1,0,30
10509,613,617,544,1138,1,0,30
10510,612,614,540,1138,1,0,30
10511,613,614,540,1142,1,0,30
10512,613,609,541,1140,1,0,30
10513,615,617,543,1140,1,0,30
10514,615,610,540,1139,1,0,30
10515,619,610,540,1142,0,0,30
10516,613,615,539,1140,0,0,30
10517,616,614,540,1139,0,0,30
10518,613,616,541,1138,0,0,30
10519,616,603,539,1139,0,0,30
10520,615,608,539,1140,0,0,30
10521,617,610,541,1138,0,0,30
10522,612,611,538,1138,0,0,30
10523,618,607,538,1137,0,0,30
10524,614,609,540,1139,0,0,30
10525,614,612,544,1140,0,0,30
10526,617,609,542,1140,0,0,30
10527,613,611,537,1138,0,0,30
10528,614,613,537,1141,0,0,30
10529,615,608,540,1142,0,0,30
10530,621,614,541,1138,0,0,30
10531,606,611,542,1142,0,0,30
10532,615,614,542,1141,0,0,30
10533,600,613,543,1139,0,0,30
10534,614,613,540,1146,0,0,30
10535,615,613,535,1137,0,0,30
10536,617,619,541,1137,0,0,30
10537,619,616,541,1136,0,0,30
10538,619,609,541,1138,0,0,30
10539,617,611,540,1141,0,0,30
10540,614,609,542,1138,0,0,30
10541,607,612,531,1140,0,0,30
10542,618,609,539,1141,0,0,30
10543,615,611,540,1137,0,0,30
10544,618,614,543,1138,0,0,30
10545,616,613,541,1138,0,0,30
10546,618,607,539,1131,0,0,30
10547,615,609,542,1139,0,0,30
10548,619,610,539,1140,0,0,30
10549,613,609,538,1139,0,0,30
10550,616,614,539,1136,1,0,30
10551,612,612,541,1137,1,0,30
10552,616,612,535,1138,1,0,30
10553,613,606,540,1140,1,0,30
10554,619,605,540,1141,1,0,30
10555,615,614,543,1135,1,0,30
10556,619,618,543,1140,1,0,30
10557,617,610,538,1139,1,0,30
10558,612,621,538,1138,1,0,30
10559,610,619,539,1135,1,0,30
10560,617,608,543,1138,1,0,30
10561,614,612,540,1139,1,0,30
10562,614,610,539,1141,1,0,30
10563,619,614,540,1140,1,0,30
10564,616,615,541,1139,1,0,30
10565,615,611,540,1137,0,0,30
10566,619,611,541,1137,0,0,30
10567,615,616,543,1141,0,0,30
10568,614,612,542,1139,0,0,30
10569,613,613,541,1139,0,0,30
10570,616,613,542,1139,0,0,30
10571,618,617,543,1140,0,0,30
10572,616,606,540,1127,0,0,30
10573,623,614,543,1135,0,0,30
10574,617,611,543,1130,0,0,30
10575,615,620,540,1138,0,0,30
10576,615,614,543,1141,0,0,30
10577,612,609,541,1139,0,0,30
10578,615,610,541,1138,0,0,30
10579,619,613,540,1138,0,0,30
10580,619,612,541,1138,0,0,30
10581,605,611,538,1138,0,0,30
10582,620,613,543,1138,0,0,30
10583,616,610,537,1132,0,0,30
10584,623,604,538,1138,0,0,30
10585,625,611,542,1140,0,0,30
10586,613,607,541,1137,0,0,30
10587,618,614,542,1140,0,0,30
10588,615,609,540,1139,0,0,30
10589,617,602,534,1139,0,0,30
10590,617,623,540,1137,0,0,30
10591,617,611,542,1138,0,0,30
10592,617,611,541,1147,0,0,30
10593,616,609,540,1135,0,0,30
10594,614,609,539,1138,0,0,30
10595,620,624,542,1135,0,0,30
10596,613,610,539,1139,0,0,30
10597,618,613,540,1137,0,0,30
10598,622,611,543,1139,0,0,30
10599,617,612,539,1139,0,0,30
10600,619,615,541,1137,1,0,30
10601,611,608,539,1138,1,0,30
10602,617,609,541,1142,1,0,30
10603,614,606,539,1138,1,0,30
10604,616,611,536,1136,1,0,30
10605,615,613,541,1135,1,0,30
10606,625,615,540,1138,1,0,30
10607,612,614,542,1141,1,0,30
10608,615,612,539,1140,1,0,30
10609,615,610,542,1140,1,0,30
10610,616,609,543,1134,1,0,30
10611,612,615,538,1138,1,0,30
10612,609,607,546,1140,1,0,30
10613,612,608,539,1137,1,0,30
10614,617,611,541,1139,1,0,30
10615,612,618,543,1141,0,0,30
10616,618,610,540,1142,0,0,30
10617,612,612,543,1139,0,0,30
10618,613,611,543,1140,0,0,30
10619,617,602,540,1139,0,0,30
10620,617,611,541,1140,0,0,30
10621,613,616,543,1143,0,0,30
10622,620,608,539,1138,0,0,30
10623,615,609,541,1145,0,0,30
10624,617,616,546,1141,0,0,30
10625,616,611,542,1141,0,0,30
10626,616,612,539,1138,0,0,30
10627,613,605,542,1140,0,0,30
10628,614,612,542,1137,0,0,30
10629,616,600,539,1138,0,0,30
10630,618,610,541,1141,0,0,30
10631,619,610,539,1139,0,0,30
10632,613,604,538,1142,0,0,30
10633,614,614,540,1140,0,0,30
10634,611,610,538,1137,0,0,30
10635,616,611,540,1140,0,0,30
10636,612,617,545,1142,0,0,30
10637,612,612,541,1138,0,0,30
10638,615,618,538,1141,0,0,30
10639,615,618,538,1138,0,0,30
10640,612,615,541,1138,0,0,30
10641,618,608,541,1138,0,0,30
10642,618,612,539,1140,0,0,30
10643,616,610,540,1140,0,0,30
10644,615,619,540,1139,0,0,30
10645,610,609,538,1136,0,0,30
10646,614,606,541,1139,0,0,30
10647,615,613,544,1139,0,0,30
10648,616,610,540,1145,0,0,30
10649,617,614,541,1136,0,0,30
10650,615,612,543,1139,1,0,30
10651,610,613,541,1128,1,0,30
10652,614,620,541,1140,1,0,30
10653,616,621,540,1139,1,0,30
10654,613,613,540,1139,1,0,30
10655,619,611,538,1140,1,0,30
10656,616,609,539,1141,1,0,30
10657,617,602,542,1139,1,0,30
10658,612,613,544,1139,1,0,30
10659,612,609,540,1138,1,0,30
10660,614,602,538,1138,1,0,30
10661,617,618,539,1139,1,0,30
10662,615,613,543,1141,1,0,30
10663,613,612,541,1140,1,0,30
10664,613,605,540,1141,1,0,30
10665,610,609,541,1140,0,0,30
10666,615,605,542,1138,0,0,30
10667,616,610,538,1141,0,0,30
10668,618,614,540,1138,0,0,30
10669,615,611,541,1143,0,0,30
10670,614,612,545,1147,0,0,30
10671,614,608,539,1138,0,0,30
10672,614,611,543,1138,0,0,30
10673,610,612,542,1138,0,0,30
10674,618,610,546,1139,0,0,30
10675,615,611,544,1135,0,0,30
10676,621,606,541,1138,0,0,30
10677,613,616,540,1140,0,0,30
10678,618,612,544,1138,0,0,30
10679,627,610,541,1143,0,0,30
10680,619,609,539,1142,0,0,30
10681,622,594,541,1136,0,0,30
10682,617,610,541,1141,0,0,30
10683,613,612,539,1139,0,0,30
10684,617,616,540,1139,0,0,30
10685,621,611,544,1139,0,0,30
10686,615,612,541,1137,0,0,30
10687,618,614,541,1140,0,0,30
10688,618,614,540,1136,0,0,30
10689,619,607,540,1136,0,0,30
10690,603,613,540,1137,0,0,30
10691,612,608,540,1135,0,0,30
10692,616,612,542,1138,0,0,30
10693,609,615,536,1139,0,0,30
10694,618,612,540,1133,0,0,30
10695,611,611,540,1138,0,0,30
10696,619,611,540,1139,0,0,30
10697,615,613,540,1134,0,0,30
10698,620,619,540,1135,0,0,30
10699,619,616,537,1141,0,0,30
10700,616,611,539,1140,1,0,30
10701,612,613,539,1138,1,0,30
10702,616,608,538,1139,1,0,30
10703,617,613,542,1141,1,0,30
10704,617,611,541,1139,1,0,30
10705,615,612,541,1141,1,0,30
10706,612,614,540,1137,1,0,30
10707,617,617,539,1140,1,0,30
10708,613,607,544,1138,1,0,30
10709,614,610,537,1138,1,0,30
10710,615,611,541,1140,1,0,30
10711,612,614,532,1136,1,0,30
10712,613,609,539,1142,1,0,30
10713,614,612,541,1139,1,0,30
10714,614,608,539,1139,1,0,30
10715,614,601,544,1130,0,0,30
10716,614,613,541,1142,0,0,30
10717,613,621,539,1138,0,0,30
10718,617,613,539,1139,0,0,30
10719,610,614,538,1139,0,0,30
10720,617,615,538,1136,0,0,30
10721,617,610,545,1134,0,0,30
10722,616,605,541,1139,0,0,30
10723,615,611,541,1140,0,0,30
10724,618,610,541,1141,0,0,30
10725,617,611,544,1138,0,0,30
10726,611,612,540,1140,0,0,30
10727,616,622,542,1141,0,0,30
10728,612,609,540,1139,0,0,30
10729,616,606,538,1141,0,0,30
10730,618,609,539,1141,0,0,30
10731,615,607,546,1138,0,0,30
10732,614,604,540,1137,0,0,30
10733,614,611,538,1138,0,0,30
10734,612,616,541,1142,0,0,30
10735,617,615,532,1138,0,0,30
10736,620,614,544,1139,0,0,30
10737,613,611,540,1137,0,0,30
10738,616,607,540,1141,0,0,30
10739,611,611,542,1135,0,0,30
10740,615,613,540,1137,0,0,30
10741,615,601,544,1142,0,0,30
10742,615,609,546,1140,0,0,30
10743,622,613,544,1139,0,0,30
10744,609,613,543,1137,0,0,30
10745,619,612,542,1140,0,0,30
10746,618,610,539,1137,0,0,30
10747,617,609,542,1137,0,0,30
10748,616,608,544,1135,0,0,30
10749,606,608,540,1142,0,0,30
10750,619,609,537,1136,1,0,30
10751,616,608,539,1138,1,0,30
10752,615,605,539,1138,1,0,30
10753,609,609,540,1142,1,0,30
10754,625,614,539,1139,1,0,30
10755,610,614,540,1138,1,0,30
10756,614,609,540,1135,1,0,30
10757,613,610,540,1138,1,0,30
10758,612,607,541,1141,1,0,30
10759,614,614,541,1139,1,0,30
10760,621,621,541,1140,1,0,30
10761,614,623,544,1138,1,0,30
10762,613,609,541,1140,1,0,30
10763,615,611,539,1135,1,0,30
10764,615,611,542,1142,1,0,30
10765,615,612,540,1139,0,0,30
10766,616,615,541,1140,0,0,30
10767,619,609,540,1136,0,0,30
10768,614,613,542,1140,0,0,30
10769,615,611,540,1141,0,0,30
10770,617,614,539,1138,0,0,30
10771,616,611,544,1131,0,0,30
10772,614,612,541,1139,0,0,30
10773,615,615,541,1130,0,0,30
10774,611,610,542,1139,0,0,30
10775,617,612,540,1139,0,0,30
10776,619,619,544,1136,0,0,30
10777,620,611,540,1140,0,0,30
10778,613,614,539,1138,0,0,30
10779,612,610,540,1140,0,0,30
10780,614,612,540,1140,0,0,30
10781,613,613,537,1138,0,0,30
10782,616,607,540,1136,0,0,30
10783,615,612,543,1140,0,0,30
10784,614,615,540,1141,0,0,30
10785,618,614,542,1140,0,0,30
10786,618,605,540,1138,0,0,30
10787,616,612,540,1139,0,0,30
10788,615,611,542,1138,0,0,30
10789,619,608,548,1136,0,0,30
10790,614,610,541,1138,0,0,30
10791,616,613,544,1138,0,0,30
10792,611,614,534,1139,0,0,30
10793,612,605,540,1139,0,0,30
10794,615,612,541,1139,0,0,30
10795,616,614,540,1135,0,0,30
10796,617,613,541,1147,0,0,30
10797,623,597,538,1138,0,0,30
10798,617,613,536,1136,0,0,30
10799,609,610,540,1137,0,0,30
10800,614,610,540,1136,1,0,30
10801,617,610,540,1144,1,0,30
10802,616,613,538,1144,1,0,30
10803,610,605,539,1139,1,0,30
10804,614,612,541,1137,1,0,30
10805,611,610,543,1138,1,0,30
10806,617,614,541,1140,1,0,30
10807,607,610,545,1137,1,0,30
10808,610,612,536,1140,1,0,30
10809,614,612,542,1140,1,0,30
10810,614,611,542,1139,1,0,30
10811,616,608,539,1139,1,0,30
10812,616,606,540,1140,1,0,30
10813,613,612,541,1140,1,0,30
10814,615,613,540,1139,1,0,30
10815,611,611,542,1139,0,0,30
10816,607,612,540,1141,0,0,30
10817,614,612,534,1140,0,0,30
10818,618,612,541,1139,0,0,30
10819,619,612,541,1140,0,0,30
10820,621,610,542,1141,0,0,30
10821,613,608,537,1141,0,0,30
10822,616,618,540,1137,0,0,30
10823,614,612,541,1137,0,0,30
10824,618,626,540,1141,0,0,30
10825,610,614,542,1139,0,0,30
10826,614,611,540,1140,0,0,30
10827,617,611,538,1139,0,0,30
10828,615,607,538,1133,0,0,30
10829,618,609,541,1142,0,0,30
10830,615,609,538,1136,0,0,30
10831,616,615,541,1137,0,0,30
10832,615,611,540,1137,0,0,30
10833,619,610,541,1140,0,0,30
10834,621,611,540,1137,0,0,30
10835,614,614,540,1142,0,0,30
10836,618,610,541,1140,0,0,30
10837,621,610,540,1139,0,0,30
10838,618,612,539,1140,0,0,30
10839,611,618,538,1128,0,0,30
10840,622,611,540,1139,0,0,30
10841,617,612,540,1139,0,0,30
10842,618,613,543,1138,0,0,30
10843,618,609,542,1136,0,0,30
10844,614,608,537,1138,0,0,30
10845,621,612,545,1140,0,0,30
10846,613,611,543,1137,0,0,30
10847,615,606,542,1141,0,0,30
10848,619,615,538,1143,0,0,30
10849,616,617,540,1139,0,0,30
10850,614,609,540,1139,1,0,30
10851,613,618,536,1138,1,0,30
10852,617,611,541,1137,1,0,30
10853,616,601,543,1139,1,0,30
10854,605,614,540,1137,1,0,30
10855,614,613,543,1145,1,0,30
10856,617,615,539,1134,1,0,30
10857,615,608,542,1139,1,0,30
10858,617,607,541,1138,1,0,30
10859,619,610,538,1139,1,0,30
10860,614,613,541,1138,1,0,30
10861,620,604,539,1140,1,0,30
10862,614,605,542,1140,1,0,30
10863,615,610,536,1143,1,0,30
10864,615,612,539,1138,1,0,30
10865,618,613,539,1141,0,0,30
10866,619,604,542,1139,0,0,30
10867,616,611,541,1140,0,0,30
10868,617,614,541,1145,0,0,30
10869,618,614,540,1141,0,0,30
10870,619,610,542,1140,0,0,30
10871,614,607,539,1139,0,0,30
10872,615,613,542,1136,0,0,30
10873,620,619,544,1142,0,0,30
10874,615,602,540,1138,0,0,30
10875,614,622,544,1139,0,0,30
10876,621,614,541,1133,0,0,30
10877,617,612,542,1140,0,0,30
10878,616,610,541,1142,0,0,30
10879,618,611,543,1137,0,0,30
10880,614,612,542,1139,0,0,30
10881,615,608,543,1140,0,0,30
10882,612,617,540,1139,0,0,30
10883,612,614,538,1138,0,0,30
10884,617,609,537,1137,0,0,30
10885,619,611,536,1139,0,0,30
10886,617,613,541,1138,0,0,30
10887,618,609,539,1137,0,0,30
10888,614,613,539,1138,0,0,30
10889,617,608,542,1139,0,0,30
10890,617,608,542,1141,0,0,30
10891,616,608,541,1137,0,0,30
10892,618,608,540,1141,0,0,30
10893,623,621,541,1138,0,0,30
10894,614,616,540,1137,0,0,30
10895,618,613,540,1135,0,0,30
10896,616,614,539,1141,0,0,30
10897,617,609,541,1138,0,0,30
10898,620,612,541,1138,0,0,30
10899,613,615,539,1146,0,0,30
10900,614,616,542,1143,1,0,30
10901,609,612,540,1139,1,0,30
10902,611,611,540,1138,1,0,30
10903,612,614,537,1139,1,0,30
10904,615,610,543,1138,1,0,30
10905,615,612,543,1140,1,0,30
10906,616,613,539,1137,1,0,30
10907,613,612,544,1139,1,0,30
10908,624,609,543,1139,1,0,30
10909,618,609,543,1137,1,0,30
10910,617,612,541,1137,1,0,30
10911,615,614,539,1132,1,0,30
10912,612,615,539,1140,1,0,30
10913,614,612,536,1139,1,0,30
10914,610,609,540,1141,1,0,30
10915,613,617,541,1138,0,0,30
10916,617,611,548,1141,0,0,30
10917,611,625,540,1145,0,0,30
10918,615,609,540,1140,0,0,30
10919,617,606,540,1139,0,0,30
10920,616,609,542,1142,0,0,30
10921,618,605,541,1143,0,0,30
10922,614,612,540,1136,0,0,30
10923,615,613,544,1138,0,0,30
10924,616,611,537,1141,0,0,30
10925,626,612,539,1138,0,0,30
10926,616,607,536,1138,0,0,30
10927,615,602,544,1138,0,0,30
10928,613,598,541,1130,0,0,30
10929,614,601,540,1135,0,0,30
10930,617,615,540,1139,0,0,30
10931,615,612,540,1137,0,0,30
10932,615,607,542,1140,0,0,30
10933,615,607,532,1139,0,0,30
10934,617,613,542,1140,0,0,30
10935,614,611,539,1139,0,0,30
10936,618,610,542,1138,0,0,30
10937,614,609,537,1139,0,0,30
10938,616,613,542,1138,0,0,30
10939,620,618,538,1140,0,0,30
10940,612,614,540,1142,0,0,30
10941,616,623,542,1134,0,0,30
10942,614,606,541,1136,0,0,30
10943,606,613,539,1139,0,0,30
10944,623,598,542,1139,0,0,30
10945,618,612,538,1137,0,0,30
10946,607,612,541,1140,0,0,30
10947,613,621,542,1140,0,0,30
10948,613,609,543,1140,0,0,30
10949,616,618,541,1138,0,0,30
10950,614,613,538,1140,1,0,30
10951,615,611,542,1139,1,0,30
10952,613,611,540,1140,1,0,30
10953,612,612,540,1138,1,0,30
10954,614,611,537,1146,1,0,30
10955,611,608,535,1138,1,0,30
10956,615,614,537,1139,1,0,30
10957,616,613,540,1138,1,0,30
10958,615,604,542,1138,1,0,30
10959,618,609,539,1139,1,0,30
10960,615,614,538,1139,1,0,30
10961,615,612,541,1135,1,0,30
10962,612,610,537,1139,1,0,30
10963,611,608,541,1138,1,0,30
10964,615,615,539,1139,1,0,30
10965,612,608,539,1135,0,0,30
10966,615,612,537,1137,0,0,30
10967,619,619,539,1138,0,0,30
10968,624,610,540,1136,0,0,30
10969,617,613,539,1136,0,0,30
10970,618,611,536,1139,0,0,30
10971,615,613,541,1139,0,0,30
10972,616,611,541,1141,0,0,30
10973,615,613,540,1137,0,0,30
10974,599,618,538,1137,0,0,30
10975,620,618,543,1138,0,0,30
10976,619,610,539,1136,0,0,30
10977,620,610,544,1136,0,0,30
10978,619,613,542,1140,0,0,30
10979,608,609,540,1138,0,0,30
10980,612,611,547,1140,0,0,30
10981,615,612,540,1136,0,0,30
10982,620,620,541,1138,0,0,30
10983,618,614,538,1141,0,0,30
10984,620,615,543,1140,0,0,30
10985,617,610,540,1138,0,0,30
10986,619,615,541,1140,0,0,30
10987,613,609,541,1138,0,0,30
10988,614,616,540,1138,0,0,30
10989,615,610,540,1137,0,0,30
10990,620,613,539,1136,0,0,30
10991,618,615,541,1138,0,0,30
10992,615,614,537,1138,0,0,30
10993,609,616,542,1140,0,0,30
10994,618,611,541,1137,0,0,30
10995,598,612,541,1140,0,0,30
10996,627,608,540,1140,0,0,30
10997,615,608,543,1135,0,0,30
10998,614,613,536,1136,0,0,30
10999,614,609,538,1136,0,0,30
11000,620,612,539,1142,1,0,30
11001,621,610,542,1139,1,0,30
11002,611,612,538,1137,1,0,30
11003,615,611,538,1139,1,0,30
11004,617,611,538,1140,1,0,30
11005,615,611,541,1138,1,0,30
11006,618,610,540,1137,1,0,30
11007,612,609,541,1142,1,0,30
11008,619,609,539,1139,1,0,30
11009,619,617,542,1140,1,0,30
11010,615,611,537,1141,1,0,30
11011,613,611,540,1141,1,0,30
11012,611,609,538,1135,1,0,30
11013,616,614,541,1144,1,0,30
11014,618,603,540,1142,1,0,30
11015,615,613,539,1143,0,0,30
11016,615,607,540,1136,0,0,30
11017,615,608,540,1138,0,0,30
11018,615,611,541,1138,0,0,30
11019,613,610,539,1138,0,0,30
11020,617,614,541,1138,0,0,30
11021,612,608,540,1140,0,0,30
11022,607,608,540,1136,0,0,30
11023,620,616,541,1138,0,0,30
11024,618,613,541,1139,0,0,30
11025,620,611,540,1136,0,0,30
11026,616,611,541,1140,0,0,30
11027,615,614,540,1138,0,0,30
11028,619,608,543,1139,0,0,30
11029,617,613,542,1139,0,0,30
11030,613,612,537,1142,0,0,30
11031,617,609,544,1141,0,0,30
11032,616,612,538,1145,0,0,30
11033,619,608,543,1148,0,0,30
11034,618,606,540,1148,0,0,30
11035,608,613,542,1139,0,0,30
11036,615,612,540,1136,0,0,30
11037,617,609,539,1143,0,0,30
11038,619,618,532,1141,0,0,30
11039,615,610,546,1137,0,0,30
11040,617,610,540,1139,0,0,30
11041,625,620,543,1139,0,0,30
11042,616,610,545,1135,0,0,30
11043,617,606,543,1138,0,0,30
11044,610,611,540,1137,0,0,30
11045,616,610,545,1141,0,0,30
11046,612,604,539,1137,0,0,30
11047,611,615,542,1139,0,0,30
11048,618,607,545,1138,0,0,30
11049,618,611,540,1139,0,0,30
11050,617,621,540,1138,1,0,30
11051,627,611,541,1140,1,0,30
11052,615,607,540,1142,1,0,30
11053,616,608,541,1138,1,0,30
11054,616,611,539,1139,1,0,30
11055,613,613,538,1141,1,0,30
11056,613,614,541,1142,1,0,30
11057,617,610,543,1138,1,0,30
11058,611,610,545,1138,1,0,30
11059,616,615,538,1136,1,0,30
11060,614,610,541,1141,1,0,30
11061,621,614,541,1140,1,0,30
11062,613,611,541,1139,1,0,30
11063,612,613,540,1141,1,0,30
11064,615,613,544,1141,1,0,30
11065,614,606,543,1132,0,0,30
11066,610,611,538,1139,0,0,30
11067,617,610,545,1140,0,0,30
11068,617,602,543,1138,0,0,30
11069,612,598,541,1136,0,0,30
11070,616,613,544,1139,0,0,30
11071,619,603,543,1136,0,0,30
11072,626,611,543,1136,0,0,30
11073,618,619,542,1137,0,0,30
11074,617,616,539,1137,0,0,30
11075,615,609,540,1136,0,0,30
11076,613,610,541,1139,0,0,30
11077,615,611,540,1139,0,0,30
11078,616,615,542,1139,0,0,30
11079,618,608,542,1141,0,0,30
11080,616,615,543,1138,0,0,30
11081,618,606,541,1130,0,0,30
11082,618,612,540,1140,0,0,30
11083,610,607,536,1138,0,0,30
11084,613,615,538,1141,0,0,30
11085,613,616,541,1138,0,0,30
11086,612,618,540,1138,0,0,30
11087,611,610,542,1139,0,0,30
11088,614,609,539,1135,0,0,30
11089,617,613,545,1138,0,0,30
11090,618,616,540,1141,0,0,30
11091,613,609,542,1137,0,0,30
11092,621,612,537,1132,0,0,30
11093,616,615,553,1136,0,0,30
11094,617,613,552,1138,0,0,30
11095,615,610,539,1140,0,0,30
11096,616,608,543,1141,0,0,30
11097,605,610,538,1139,0,0,30
11098,615,608,537,1140,0,0,30
11099,619,616,540,1138,0,0,30
11100,621,622,538,1141,1,0,30
11101,615,610,540,1139,1,0,30
11102,617,606,541,1140,1,0,30
11103,613,610,542,1141,1,0,30
11104,614,613,549,1139,1,0,30
11105,612,595,538,1140,1,0,30
11106,619,618,542,1140,1,0,30
11107,608,607,538,1138,1,0,30
11108,613,612,541,1141,1,0,30
11109,611,631,543,1129,1,0,30
11110,617,607,539,1139,1,0,30
11111,615,610,541,1138,1,0,30
11112,619,610,544,1141,1,0,30
11113,614,615,541,1143,1,0,30
11114,614,611,541,1141,1,0,30
11115,625,616,543,1136,0,0,30
11116,613,612,542,1138,0,0,30
11117,615,610,540,1138,0,0,30
11118,618,605,542,1137,0,0,30
11119,612,611,543,1141,0,0,30
11120,611,608,540,1136,0,0,30
11121,611,611,541,1140,0,0,30
11122,612,604,540,1139,0,0,30
11123,620,612,539,1139,0,0,30
11124,620,609,542,1138,0,0,30
11125,618,608,539,1140,0,0,30
11126,624,612,545,1141,0,0,30
11127,613,622,541,1142,0,0,30
11128,610,617,538,1143,0,0,30
11129,607,614,542,1133,0,0,30
11130,615,617,537,1139,0,0,30
11131,613,607,539,1144,0,0,30
11132,617,613,540,1140,0,0,30
11133,619,613,542,1140,0,0,30
11134,614,612,543,1138,0,0,30
11135,611,605,546,1135,0,0,30
11136,615,609,543,1141,0,0,30
11137,616,614,540,1143,0,0,30
11138,615,614,542,1141,0,0,30
11139,617,611,540,1139,0,0,30
11140,614,606,544,1141,0,0,30
11141,616,609,541,1129,0,0,30
11142,617,619,540,1138,0,0,30
11143,615,604,538,1137,0,0,30
11144,616,618,536,1139,0,0,30
11145,613,606,544,1141,0,0,30
11146,619,616,539,1139,0,0,30
11147,618,612,542,1133,0,0,30
11148,620,615,540,1141,0,0,30
11149,616,613,541,1138,0,0,30
11150,621,608,540,1140,1,0,30
11151,613,611,538,1141,1,0,30
11152,614,613,539,1140,1,0,30
11153,611,615,541,1138,1,0,30
11154,614,612,540,1138,1,0,30
11155,612,610,539,1138,1,0,30
11156,615,613,540,1143,1,0,30
11157,617,607,542,1139,1,0,30
11158,615,598,540,1137,1,0,30
11159,608,612,541,1137,1,0,30
11160,614,612,540,1139,1,0,30
11161,615,616,540,1141,1,0,30
11162,620,611,541,1138,1,0,30
11163,610,616,541,1145,1,0,30
11164,609,606,540,1140,1,0,30
11165,612,609,537,1133,0,0,30
11166,616,630,542,1141,0,0,30
11167,616,613,544,1139,0,0,30
11168,628,613,541,1138,0,0,30
11169,611,613,539,1139,0,0,30
11170,620,610,541,1138,0,0,30
11171,611,614,539,1138,0,0,30
11172,617,610,541,1141,0,0,30
11173,616,609,542,1135,0,0,30
11174,617,613,543,1136,0,0,30
11175,616,613,539,1137,0,0,30
11176,608,611,541,1140,0,0,30
11177,610,611,539,1140,0,0,30
11178,615,609,539,1138,0,0,30
11179,616,606,542,1136,0,0,30
11180,615,620,541,1138,0,0,30
11181,616,614,543,1137,0,0,30
11182,621,609,543,1137,0,0,30
11183,617,605,543,1137,0,0,30
11184,617,617,541,1136,0,0,30
11185,618,615,543,1137,0,0,30
11186,626,614,540,1138,0,0,30
11187,616,619,542,1138,0,0,30
11188,607,610,539,1140,0,0,30
11189,616,609,545,1139,0,0,30
11190,617,610,542,1138,0,0,30
11191,615,611,544,1138,0,0,30
11192,619,613,540,1135,0,0,30
11193,617,611,540,1138,0,0,30
11194,611,614,543,1141,0,0,30
11195,616,611,539,1139,0,0,30
11196,615,610,532,1139,0,0,30
11197,612,623,539,1136,0,0,30
11198,618,612,542,1137,0,0,30
11199,615,610,542,1138,0,0,30
11200,617,610,541,1138,1,0,30
11201,606,613,541,1134,1,0,30
11202,607,614,541,1142,1,0,30
11203,619,611,542,1137,1,0,30
11204,607,611,542,1139,1,0,30
11205,614,612,542,1138,1,0,30
11206,615,612,543,1139,1,0,30
11207,617,601,540,1140,1,0,30
11208,616,615,541,1135,1,0,30
11209,618,604,540,1140,1,0,30
11210,615,613,542,1141,1,0,30
11211,614,613,540,1136,1,0,30
11212,611,606,541,1138,1,0,30
11213,616,608,538,1140,1,0,30
11214,614,611,542,1139,1,0,30
11215,618,611,542,1136,0,0,30
11216,611,612,540,1139,0,0,30
11217,616,616,538,1136,0,0,30
11218,613,616,543,1139,0,0,30
11219,609,612,539,1136,0,0,30
11220,615,615,539,1141,0,0,30
11221,620,609,537,1138,0,0,30
11222,615,610,542,1139,0,0,30
11223,617,612,540,1140,0,0,30
11224,620,600,540,1140,0,0,30
11225,617,608,543,1138,0,0,30
11226,613,608,541,1141,0,0,30
11227,611,609,537,1140,0,0,30
11228,616,608,540,1139,0,0,30
11229,615,614,544,1138,0,0,30
11230,616,611,540,1138,0,0,30
11231,617,610,539,1140,0,0,30
11232,618,613,541,1139,0,0,30
11233,616,613,541,1138,0,0,30
11234,612,611,540,1137,0,0,30
11235,612,609,545,1138,0,0,30
11236,616,609,538,1140,0,0,30
11237,617,614,540,1144,0,0,30
11238,612,616,542,1140,0,0,30
11239,617,611,542,1132,0,0,30
11240,615,611,539,1141,0,0,30
11241,620,614,542,1138,0,0,30
11242,611,614,539,1140,0,0,30
11243,614,606,538,1140,0,0,30
11244,614,611,540,1142,0,0,30
11245,608,614,540,1139,0,0,30
11246,619,608,537,1138,0,0,30
11247,616,607,532,1140,0,0,30
11248,615,616,541,1141,0,0,30
11249,606,612,541,1138,0,0,30
11250,609,616,541,1141,1,0,30
11251,615,609,539,1137,1,0,30
11252,612,609,542,1146,1,0,30
11253,618,615,538,1137,1,0,30
11254,611,613,542,1139,1,0,30
11255,613,607,541,1142,1,0,30
11256,619,622,537,1142,1,0,30
11257,614,612,540,1140,1,0,30
11258,616,611,543,1137,1,0,30
11259,614,620,540,1140,1,0,30
11260,615,607,539,1142,1,0,30
11261,610,610,543,1140,1,0,30
11262,614,612,538,1139,1,0,30
11263,613,599,539,1138,1,0,30
11264,610,607,537,1134,1,0,30
11265,611,616,539,1136,0,0,30
11266,619,612,540,1140,0,0,30
11267,618,616,542,1144,0,0,30
11268,616,603,537,1138,0,0,30
11269,619,606,541,1141,0,0,30
11270,614,604,541,1136,0,0,30
11271,613,615,540,1138,0,0,30
11272,615,616,546,1138,0,0,30
11273,617,613,540,1140,0,0,30
11274,620,610,544,1137,0,0,30
11275,615,615,543,1139,0,0,30
11276,611,614,543,1137,0,0,30
11277,614,607,543,1127,0,0,30
11278,615,614,542,1139,0,0,30
11279,618,613,542,1138,0,0,30
11280,611,612,545,1140,0,0,30
11281,620,597,540,1139,0,0,30
11282,615,598,538,1138,0,0,30
11283,615,614,542,1139,0,0,30
11284,616,612,540,1144,0,0,30
11285,613,617,540,1139,0,0,30
11286,612,614,536,1136,0,0,30
11287,618,613,541,1143,0,0,30
11288,613,609,540,1136,0,0,30
11289,617,607,542,1137,0,0,30
11290,619,617,539,1140,0,0,30
11291,617,611,540,1140,0,0,30
11292,619,614,542,1140,0,0,30
11293,615,615,543,1138,0,0,30
11294,613,619,540,1142,0,0,30
11295,614,612,540,1139,0,0,30
11296,615,611,544,1138,0,0,30
11297,619,619,540,1139,0,0,30
11298,617,611,538,1138,0,0,30
11299,617,610,541,1140,0,0,30
11300,608,602,533,1140,1,0,30
11301,609,614,535,1141,1,0,30
11302,614,610,540,1140,1,0,30
11303,612,601,540,1138,1,0,30
11304,615,609,539,1139,1,0,30
11305,616,615,542,1140,1,0,30
11306,619,606,539,1143,1,0,30
11307,616,612,541,1140,1,0,30
11308,613,614,539,1138,1,0,30
11309,614,615,539,1141,1,0,30
11310,615,612,536,1148,1,0,30
11311,615,613,538,1140,1,0,30
11312,610,613,541,1141,1,0,30
11313,620,610,540,1141,1,0,30
11314,618,602,538,1141,1,0,30
11315,616,620,540,1137,0,0,30
11316,612,614,538,1140,0,0,30
11317,618,605,542,1137,0,0,30
11318,614,612,541,1139,0,0,30
11319,616,619,546,1138,0,0,30
11320,612,624,539,1140,0,0,30
11321,615,615,546,1141,0,0,30
11322,620,610,538,1137,0,0,30
11323,620,608,537,1139,0,0,30
11324,616,603,543,1132,0,0,30
11325,612,610,539,1138,0,0,30
11326,623,608,542,1143,0,0,30
11327,618,618,539,1139,0,0,30
11328,614,608,544,1139,0,0,30
11329,618,611,540,1142,0,0,30
11330,622,619,541,1141,0,0,30
11331,616,609,534,1141,0,0,30
11332,616,612,540,1138,0,0,30
11333,613,607,537,1139,0,0,30
11334,616,612,540,1140,0,0,30
11335,614,610,541,1141,0,0,30
11336,618,607,538,1138,0,0,30
11337,606,612,541,1138,0,0,30
11338,614,614,541,1139,0,0,30
11339,615,610,538,1138,0,0,30
11340,616,610,543,1137,0,0,30
11341,617,609,540,1142,0,0,30
11342,621,607,540,1139,0,0,30
11343,615,614,542,1138,0,0,30
11344,612,612,541,1138,0,0,30
11345,617,605,528,1134,0,0,30
11346,615,626,539,1139,0,0,30
11347,619,610,541,1140,0,0,30
11348,615,614,543,1140,0,0,30
11349,619,608,541,1139,0,0,30
11350,615,613,541,1134,1,0,30
11351,624,616,538,1141,1,0,30
11352,613,616,540,1139,1,0,30
11353,611,609,543,1138,1,0,30
11354,618,610,538,1138,1,0,30
11355,618,618,542,1141,1,0,30
11356,614,616,548,1136,1,0,30
11357,611,614,540,1139,1,0,30
11358,619,611,542,1141,1,0,30
11359,612,618,543,1140,1,0,30
11360,617,601,540,1139,1,0,30
11361,613,611,538,1139,1,0,30
11362,617,611,541,1140,1,0,30
11363,615,613,541,1139,1,0,30
11364,615,611,546,1136,1,0,30
11365,614,612,542,1140,0,0,30
11366,623,605,538,1140,0,0,30
11367,615,615,541,1138,0,0,30
11368,615,608,540,1138,0,0,30
11369,618,613,536,1140,0,0,30
11370,621,611,539,1140,0,0,30
11371,620,615,543,1143,0,0,30
11372,613,604,540,1133,0,0,30
11373,615,592,543,1143,0,0,30
11374,617,612,537,1139,0,0,30
11375,628,614,539,1137,0,0,30
11376,613,606,542,1135,0,0,30
11377,614,614,545,1138,0,0,30
11378,621,613,539,1141,0,0,30
11379,621,614,540,1138,0,0,30
11380,622,618,540,1138,0,0,30
11381,616,615,544,1140,0,0,30
11382,614,607,541,1139,0,0,30
11383,618,613,545,1137,0,0,30
11384,614,616,549,1137,0,0,30
11385,616,608,539,1137,0,0,30
11386,616,607,544,1133,0,0,30
11387,620,596,543,1138,0,0,30
11388,623,607,542,1139,0,0,30
11389,617,605,540,1138,0,0,30
11390,618,609,542,1137,0,0,30
11391,612,612,538,1139,0,0,30
11392,616,611,542,1140,0,0,30
11393,617,612,542,1135,0,0,30
11394,619,613,541,1142,0,0,30
11395,617,614,542,1137,0,0,30
11396,610,609,541,1139,0,0,30
11397,615,611,537,1139,0,0,30
11398,615,611,546,1133,0,0,30
11399,615,609,541,1141,0,0,30
11400,619,618,541,1137,1,0,30
11401,612,614,541,1139,1,0,30
11402,610,610,543,1139,1,0,30
11403,617,609,543,1140,1,0,30
11404,625,610,543,1137,1,0,30
11405,614,611,542,1139,1,0,30
11406,625,611,545,1137,1,0,30
11407,614,607,539,1139,1,0,30
11408,610,613,540,1135,1,0,30
11409,614,611,536,1140,1,0,30
11410,611,623,539,1140,1,0,30
11411,613,610,545,1140,1,0,30
11412,614,608,541,1143,1,0,30
11413,614,610,540,1140,1,0,30
11414,612,614,537,1139,1,0,30
11415,623,613,541,1139,0,0,30
11416,616,612,537,1138,0,0,30
11417,613,612,540,1141,0,0,30
11418,614,614,541,1139,0,0,30
11419,607,615,537,1140,0,0,30
11420,620,614,540,1134,0,0,30
11421,615,611,539,1134,0,0,30
11422,621,614,543,1137,0,0,30
11423,619,612,545,1136,0,0,30
11424,620,612,539,1141,0,0,30
11425,612,610,541,1139,0,0,30
11426,615,607,539,1139,0,0,30
11427,617,607,542,1136,0,0,30
11428,621,610,541,1139,0,0,30
11429,616,615,540,1136,0,0,30
11430,627,610,543,1138,0,0,30
11431,628,610,537,1138,0,0,30
11432,613,611,537,1138,0,0,30
11433,615,612,540,1137,0,0,30
11434,615,612,542,1135,0,0,30
11435,616,610,541,1136,0,0,30
11436,614,601,543,1139,0,0,30
11437,619,608,541,1142,0,0,30
11438,617,598,548,1138,0,0,30
11439,615,612,541,1142,0,0,30
11440,615,611,540,1137,0,0,30
11441,617,607,543,1130,0,0,30
11442,614,606,540,1136,0,0,30
11443,614,605,541,1143,0,0,30
11444,614,615,543,1139,0,0,30
11445,618,612,540,1142,0,0,30
11446,611,611,541,1138,0,0,30
11447,615,610,538,1138,0,0,30
11448,615,613,538,1139,0,0,30
11449,616,608,541,1134,0,0,30
11450,614,612,539,1140,1,0,30
11451,615,608,537,1140,1,0,30
11452,620,610,536,1137,1,0,30
11453,623,612,540,1144,1,0,30
11454,616,612,540,1138,1,0,30
11455,618,609,541,1139,1,0,30
11456,616,608,540,1141,1,0,30
11457,611,614,541,1140,1,0,30
11458,611,611,539,1139,1,0,30
11459,617,611,543,1139,1,0,30
11460,619,612,533,1139,1,0,30
11461,616,605,539,1137,1,0,30
11462,612,609,539,1134,1,0,30
11463,608,598,539,1141,1,0,30
11464,610,617,540,1141,1,0,30
11465,615,611,539,1141,0,0,30
11466,610,612,540,1138,0,0,30
11467,618,611,541,1140,0,0,30
11468,614,604,540,1138,0,0,30
11469,618,611,539,1141,0,0,30
11470,622,611,541,1138,0,0,30
11471,617,611,541,1137,0,0,30
11472,616,614,535,1138,0,0,30
11473,615,611,540,1136,0,0,30
11474,618,620,540,1140,0,0,30
11475,613,616,543,1137,0,0,30
11476,615,613,542,1138,0,0,30
11477,613,613,538,1137,0,0,30
11478,609,619,538,1137,0,0,30
11479,617,613,541,1142,0,0,30
11480,616,620,543,1139,0,0,30
11481,616,611,541,1138,0,0,30
11482,612,614,540,1139,0,0,30
11483,617,611,539,1141,0,0,30
11484,613,620,541,1144,0,0,30
11485,617,607,543,1140,0,0,30
11486,615,610,540,1137,0,0,30
11487,616,619,542,1141,0,0,30
11488,618,612,541,1137,0,0,30
11489,616,609,539,1142,0,0,30
11490,619,613,539,1138,0,0,30
11491,615,608,541,1137,0,0,30
11492,616,613,538,1140,0,0,30
11493,619,614,539,1138,0,0,30
11494,613,613,543,1138,0,0,30
11495,614,609,543,1140,0,0,30
11496,615,605,543,1141,0,0,30
11497,620,612,541,1136,0,0,30
11498,621,610,537,1140,0,0,30
11499,609,612,544,1141,0,0,30
11500,614,608,538,1139,1,0,30
11501,615,623,538,1138,1,0,30
11502,610,615,538,1141,1,0,30
11503,619,621,541,1140,1,0,30
11504,614,607,536,1137,1,0,30
11505,615,608,537,1138,1,0,30
11506,620,613,540,1141,1,0,30
11507,612,618,539,1137,1,0,30
11508,622,615,537,1139,1,0,30
11509,615,609,539,1139,1,0,30
11510,617,611,542,1141,1,0,30
11511,619,608,540,1145,1,0,30
11512,614,610,536,1139,1,0,30
11513,614,618,538,1139,1,0,30
11514,612,612,540,1137,1,0,30
11515,613,611,542,1138,0,0,30
11516,614,611,539,1139,0,0,30
11517,615,611,541,1139,0,0,30
11518,614,616,542,1141,0,0,30
11519,614,609,546,1139,0,0,30
11520,616,609,539,1138,0,0,30
11521,615,618,539,1141,0,0,30
11522,615,613,539,1139,0,0,30
11523,616,614,536,1141,0,0,30
11524,605,610,541,1141,0,0,30
11525,613,615,540,1135,0,0,30
11526,616,618,541,1138,0,0,30
11527,617,613,537,1136,0,0,30
11528,617,607,545,1136,0,0,30
11529,618,610,537,1139,0,0,30
11530,614,615,538,1138,0,0,30
11531,616,611,541,1137,0,0,30
11532,612,615,540,1140,0,0,30
11533,615,614,540,1138,0,0,30
11534,616,607,538,1140,0,0,30
11535,614,608,540,1141,0,0,30
11536,616,612,540,1139,0,0,30
11537,616,610,543,1139,0,0,30
11538,614,629,539,1137,0,0,30
11539,621,616,538,1137,0,0,30
11540,622,614,540,1136,0,0,30
11541,618,603,539,1138,0,0,30
11542,614,606,542,1140,0,0,30
11543,617,612,535,1140,0,0,30
11544,614,613,541,1140,0,0,30
11545,619,612,541,1135,0,0,30
11546,615,611,542,1139,0,0,30
11547,616,615,547,1138,0,0,30
11548,616,611,548,1142,0,0,30
11549,614,612,537,1139,0,0,30
11550,614,615,540,1140,1,0,30
11551,613,609,540,1133,1,0,30
11552,616,617,540,1141,1,0,30
11553,616,609,542,1140,1,0,30
11554,615,609,543,1140,1,0,30
11555,611,611,541,1148,1,0,30
11556,615,605,541,1137,1,0,30
11557,617,612,535,1138,1,0,30
11558,614,611,542,1139,1,0,30
11559,615,609,540,1141,1,0,30
11560,616,610,540,1144,1,0,30
11561,611,604,538,1144,1,0,30
11562,615,611,544,1139,1,0,30
11563,607,608,541,1139,1,0,30
11564,615,606,539,1133,1,0,30
11565,612,612,538,1139,0,0,30
11566,618,601,540,1138,0,0,30
11567,615,611,541,1144,0,0,30
11568,620,612,540,1140,0,0,30
11569,618,614,538,1138,0,0,30
11570,613,615,539,1138,0,0,30
11571,616,612,543,1143,0,0,30
11572,614,612,539,1144,0,0,30
11573,620,614,541,1136,0,0,30
11574,617,612,541,1136,0,0,30
11575,615,608,542,1136,0,0,30
11576,615,623,542,1138,0,0,30
11577,618,619,539,1141,0,0,30
11578,611,609,539,1141,0,0,30
11579,611,609,538,1128,0,0,30
11580,612,617,541,1139,0,0,30
11581,620,612,542,1141,0,0,30
11582,619,616,539,1138,0,0,30
11583,609,614,541,1139,0,0,30
11584,615,610,538,1142,0,0,30
11585,615,610,540,1136,0,0,30
11586,616,603,531,1144,0,0,30
11587,615,611,546,1138,0,0,30
11588,616,606,539,1135,0,0,30
11589,612,615,539,1140,0,0,30
11590,615,623,548,1140,0,0,30
11591,614,614,543,1138,0,0,30
11592,608,612,538,1136,0,0,30
11593,618,613,545,1136,0,0,30
11594,615,617,535,1140,0,0,30
11595,621,612,540,1138,0,0,30
11596,614,616,538,1138,0,0,30
11597,613,623,541,1136,0,0,30
11598,616,608,546,1138,0,0,30
11599,618,614,539,1140,0,0,30
11600,613,612,539,1139,1,0,30
11601,617,612,539,1140,1,0,30
11602,613,607,539,1139,1,0,30
11603,616,613,538,1139,1,0,30
11604,614,612,538,1138,1,0,30
11605,615,612,541,1145,1,0,30
11606,610,609,543,1141,1,0,30
11607,618,608,538,1139,1,0,30
11608,617,605,542,1141,1,0,30
11609,616,609,535,1137,1,0,30
11610,607,615,540,1140,1,0,30
11611,620,609,539,1142,1,0,30
11612,615,606,540,1141,1,0,30
11613,615,607,541,1142,1,0,30
11614,613,613,545,1140,1,0,30
11615,620,610,540,1140,0,0,30
11616,615,612,545,1136,0,0,30
11617,613,610,547,1138,0,0,30
11618,613,610,542,1144,0,0,30
11619,618,615,541,1131,0,0,30
11620,620,608,541,1139,0,0,30
11621,615,614,539,1140,0,0,30
11622,612,609,542,1151,0,0,30
11623,615,612,540,1136,0,0,30
11624,611,607,540,1146,0,0,30
11625,618,627,543,1137,0,0,30
11626,617,611,541,1136,0,0,30
11627,618,611,541,1139,0,0,30
11628,622,602,543,1138,0,0,30
11629,614,615,542,1139,0,0,30
11630,615,600,542,1137,0,0,30
11631,617,604,538,1137,0,0,30
11632,600,614,540,1137,0,0,30
11633,614,612,539,1140,0,0,30
11634,616,612,539,1139,0,0,30
11635,621,613,539,1139,0,0,30
11636,616,608,539,1133,0,0,30
11637,610,610,538,1138,0,0,30
11638,614,615,541,1141,0,0,30
11639,615,612,543,1138,0,0,30
11640,617,614,540,1138,0,0,30
11641,615,616,544,1137,0,0,30
11642,616,610,544,1140,0,0,30
11643,619,615,536,1139,0,0,30
11644,617,613,540,1140,0,0,30
11645,617,611,538,1140,0,0,30
11646,616,613,542,1139,0,0,30
11647,614,609,542,1134,0,0,30
11648,610,613,539,1135,0,0,30
11649,613,615,539,1131,0,0,30
11650,615,613,536,1140,1,0,30
11651,618,614,544,1137,1,0,30
11652,615,615,543,1139,1,0,30
11653,616,616,542,1140,1,0,30
11654,616,611,537,1146,1,0,30
11655,612,607,546,1136,1,0,30
11656,616,616,539,1138,1,0,30
11657,611,610,539,1141,1,0,30
11658,616,610,535,1141,1,0,30
11659,616,612,543,1137,1,0,30
11660,615,612,540,1141,1,0,30
11661,613,614,539,1140,1,0,30
11662,613,613,540,1141,1,0,30
11663,614,606,541,1136,1,0,30
11664,615,609,541,1141,1,0,30
11665,615,614,540,1139,0,0,30
11666,615,614,542,1138,0,0,30
11667,614,609,535,1138,0,0,30
11668,616,613,542,1141,0,0,30
11669,616,611,537,1140,0,0,30
11670,619,614,534,1141,0,0,30
11671,613,609,540,1137,0,0,30
11672,617,616,542,1139,0,0,30
11673,613,602,540,1138,0,0,30
11674,618,608,539,1135,0,0,30
11675,607,625,541,1136,0,0,30
11676,618,606,535,1142,0,0,30
11677,622,611,539,1136,0,0,30
11678,617,608,542,1141,0,0,30
11679,613,602,544,1136,0,0,30
11680,617,612,542,1140,0,0,30
11681,617,615,540,1139,0,0,30
11682,616,605,540,1133,0,0,30
11683,616,622,544,1139,0,0,30
11684,619,607,542,1133,0,0,30
11685,618,611,542,1139,0,0,30
11686,613,613,532,1139,0,0,30
11687,616,609,539,1139,0,0,30
11688,622,612,541,1141,0,0,30
11689,614,609,542,1138,0,0,30
11690,621,610,542,1140,0,0,30
11691,612,605,544,1139,0,0,30
11692,617,611,544,1138,0,0,30
11693,623,616,544,1139,0,0,30
11694,616,614,534,1141,0,0,30
11695,602,609,538,1136,0,0,30
11696,618,604,543,1138,0,0,30
11697,617,610,541,1139,0,0,30
11698,615,610,544,1137,0,0,30
11699,615,611,541,1140,0,0,30
11700,618,612,538,1139,1,0,30
11701,615,608,540,1139,1,0,30
11702,625,608,537,1141,1,0,30
11703,617,611,542,1140,1,0,30
11704,615,611,537,1139,1,0,30
11705,608,625,543,1138,1,0,30
11706,614,611,541,1139,1,0,30
11707,616,611,542,1138,1,0,30
11708,613,611,540,1139,1,0,30
11709,616,609,539,1139,1,0,30
11710,621,619,541,1143,1,0,30
11711,618,610,543,1138,1,0,30
11712,613,614,540,1138,1,0,30
11713,616,611,541,1137,1,0,30
11714,617,617,539,1143,1,0,30
11715,623,618,540,1137,0,0,30
11716,615,622,547,1138,0,0,30
11717,618,612,539,1138,0,0,30
11718,612,613,540,1135,0,0,30
11719,625,612,539,1139,0,0,30
11720,615,614,541,1136,0,0,30
11721,616,616,540,1137,0,0,30
11722,613,615,538,1137,0,0,30
11723,610,619,540,1138,0,0,30
11724,608,614,540,1140,0,0,30
11725,606,612,542,1137,0,0,30
11726,614,615,534,1136,0,0,30
11727,615,610,540,1141,0,0,30
11728,613,614,542,1138,0,0,30
11729,626,611,539,1142,0,0,30
11730,619,611,540,1139,0,0,30
11731,615,618,543,1138,0,0,30
11732,616,597,538,1138,0,0,30
11733,616,611,539,1136,0,0,30
11734,619,609,540,1140,0,0,30
11735,613,611,541,1133,0,0,30
11736,610,601,539,1139,0,0,30
11737,616,613,540,1141,0,0,30
11738,616,610,539,1138,0,0,30
11739,610,613,541,1134,0,0,30
11740,610,615,544,1138,0,0,30
11741,611,614,542,1136,0,0,30
11742,616,609,540,1149,0,0,30
11743,615,616,541,1138,0,0,30
11744,615,613,539,1141,0,0,30
11745,615,614,540,1141,0,0,30
11746,614,608,540,1140,0,0,30
11747,626,613,540,1136,0,0,30
11748,614,613,545,1141,0,0,30
11749,619,615,543,1138,0,0,30
11750,609,610,538,1136,1,0,30
11751,613,612,541,1143,1,0,30
11752,616,616,538,1137,1,0,30
11753,619,615,540,1139,1,0,30
11754,619,614,539,1140,1,0,30
11755,611,599,541,1144,1,0,30
11756,619,612,542,1142,1,0,30
11757,615,613,542,1134,1,0,30
11758,618,614,541,1139,1,0,30
11759,613,609,539,1140,1,0,30
11760,612,609,540,1145,1,0,30
11761,612,610,539,1140,1,0,30
11762,618,612,539,1137,1,0,30
11763,611,611,543,1141,1,0,30
11764,610,614,534,1135,1,0,30
11765,614,605,539,1142,0,0,30
11766,605,611,541,1141,0,0,30
11767,619,607,538,1138,0,0,30
11768,618,613,539,1136,0,0,30
11769,618,600,541,1137,0,0,30
11770,618,612,542,1137,0,0,30
11771,614,615,539,1141,0,0,30
11772,606,605,542,1140,0,0,30
11773,604,617,540,1141,0,0,30
11774,618,610,546,1133,0,0,30
11775,621,603,539,1138,0,0,30
11776,613,626,537,1138,0,0,30
11777,615,614,543,1142,0,0,30
11778,617,614,531,1136,0,0,30
11779,610,608,541,1143,0,0,30
11780,620,612,541,1138,0,0,30
11781,612,610,542,1139,0,0,30
11782,615,607,539,1139,0,0,30
11783,622,613,548,1142,0,0,30
11784,614,611,540,1140,0,0,30
11785,615,610,541,1139,0,0,30
11786,620,614,542,1149,0,0,30
11787,616,609,543,1137,0,0,30
11788,618,615,543,1137,0,0,30
11789,616,597,542,1137,0,0,30
11790,614,610,545,1138,0,0,30
11791,617,612,543,1141,0,0,30
11792,616,611,542,1139,0,0,30
11793,614,611,543,1137,0,0,30
11794,620,606,540,1142,0,0,30
11795,618,608,548,1139,0,0,30
11796,614,610,542,1137,0,0,30
11797,615,614,537,1141,0,0,30
11798,615,613,538,1137,0,0,30
11799,614,610,541,1139,0,0,30
11800,615,609,542,1128,1,0,30
11801,615,613,540,1139,1,0,30
11802,610,610,540,1126,1,0,30
11803,614,611,540,1139,1,0,30
11804,618,609,541,1138,1,0,30
11805,614,620,538,1139,1,0,30
11806,612,609,539,1137,1,0,30
11807,615,613,536,1138,1,0,30
11808,610,610,538,1136,1,0,30
11809,617,615,541,1141,1,0,30
11810,614,609,539,1139,1,0,30
11811,617,609,540,1123,1,0,30
11812,615,612,540,1138,1,0,30
11813,611,609,541,1140,1,0,30
11814,613,612,546,1141,1,0,30
11815,619,609,543,1134,0,0,30
11816,615,611,538,1138,0,0,30
11817,616,613,540,1135,0,0,30
11818,614,607,539,1138,0,0,30
11819,624,597,546,1139,0,0,30
11820,615,613,542,1138,0,0,30
11821,619,619,541,1140,0,0,30
11822,615,620,540,1138,0,0,30
11823,614,612,543,1139,0,0,30
11824,613,613,542,1135,0,0,30
11825,608,610,539,1138,0,0,30
11826,618,607,537,1136,0,0,30
11827,622,618,539,1138,0,0,30
11828,618,610,541,1138,0,0,30
11829,614,612,542,1138,0,0,30
11830,619,620,538,1139,0,0,30
11831,614,612,541,1139,0,0,30
11832,615,612,540,1136,0,0,30
11833,622,607,540,1137,0,0,30
11834,623,609,539,1139,0,0,30
11835,616,610,540,1138,0,0,30
11836,625,612,540,1137,0,0,30
11837,613,613,539,1138,0,0,30
11838,602,613,539,1139,0,0,30
11839,619,605,543,1139,0,0,30
11840,621,612,538,1140,0,0,30
11841,620,611,543,1141,0,0,30
11842,610,606,537,1136,0,0,30
11843,617,612,540,1136,0,0,30
11844,616,613,539,1139,0,0,30
11845,616,613,530,1137,0,0,30
11846,613,611,538,1141,0,0,30
11847,616,614,539,1139,0,0,30
11848,612,606,543,1138,0,0,30
11849,618,613,543,1136,0,0,30
11850,618,608,537,1145,1,0,30
11851,614,610,539,1138,1,0,30
11852,615,608,543,1137,1,0,30
11853,613,612,541,1143,1,0,30
11854,616,606,540,1138,1,0,30
11855,617,613,537,1138,1,0,30
11856,614,601,539,1141,1,0,30
11857,617,605,540,1139,1,0,30
11858,614,617,540,1140,1,0,30
11859,616,609,541,1142,1,0,30
11860,611,614,541,1139,1,0,30
11861,617,604,541,1139,1,0,30
11862,613,611,544,1139,1,0,30
11863,613,610,540,1137,1,0,30
11864,615,610,539,1141,1,0,30
11865,616,613,541,1139,0,0,30
11866,615,614,539,1138,0,0,30
11867,616,613,544,1139,0,0,30
11868,620,613,539,1139,0,0,30
11869,623,608,541,1139,0,0,30
11870,614,611,541,1133,0,0,30
11871,616,615,542,1136,0,0,30
11872,614,610,540,1140,0,0,30
11873,616,612,541,1124,0,0,30
11874,619,605,542,1140,0,0,30
11875,619,608,540,1140,0,0,30
11876,611,613,542,1138,0,0,30
11877,612,611,538,1136,0,0,30
11878,600,612,541,1139,0,0,30
11879,620,610,546,1142,0,0,30
11880,610,614,542,1137,0,0,30
11881,620,612,545,1143,0,0,30
11882,615,612,537,1140,0,0,30
11883,619,610,540,1140,0,0,30
11884,615,610,538,1139,0,0,30
11885,612,606,539,1144,0,0,30
11886,618,617,544,1139,0,0,30
11887,617,613,541,1134,0,0,30
11888,615,611,540,1133,0,0,30
11889,615,610,540,1139,0,0,30
11890,616,610,540,1139,0,0,30
11891,620,614,543,1139,0,0,30
11892,616,613,544,1138,0,0,30
11893,616,611,539,1137,0,0,30
11894,615,610,539,1139,0,0,30
11895,614,615,543,1139,0,0,30
11896,618,612,537,1140,0,0,30
11897,612,614,539,1137,0,0,30
11898,606,616,540,1138,0,0,30
11899,618,606,541,1135,0,0,30
11900,617,604,538,1140,1,0,30
11901,613,613,543,1140,1,0,30
11902,613,612,541,1138,1,0,30
11903,616,612,536,1139,1,0,30
11904,614,615,545,1141,1,0,30
11905,617,613,538,1139,1,0,30
11906,614,624,540,1137,1,0,30
11907,619,611,536,1138,1,0,30
11908,616,606,541,1140,1,0,30
11909,610,608,540,1140,1,0,30
11910,616,614,542,1139,1,0,30
11911,609,596,539,1140,1,0,30
11912,611,615,545,1140,1,0,30
11913,619,608,542,1139,1,0,30
11914,614,611,538,1138,1,0,30
11915,613,611,538,1135,0,0,30
11916,615,613,538,1140,0,0,30
11917,613,614,541,1139,0,0,30
11918,614,617,546,1136,0,0,30
11919,611,615,545,1138,0,0,30
11920,616,609,538,1140,0,0,30
11921,613,613,540,1139,0,0,30
11922,625,610,543,1138,0,0,30
11923,615,613,541,1139,0,0,30
11924,619,618,539,1138,0,0,30
11925,618,615,540,1144,0,0,30
11926,617,614,543,1141,0,0,30
11927,617,609,534,1138,0,0,30
11928,614,612,540,1139,0,0,30
11929,615,613,538,1141,0,0,30
11930,616,613,541,1138,0,0,30
11931,622,613,542,1138,0,0,30
11932,613,609,541,1137,0,0,30
11933,614,609,537,1137,0,0,30
11934,617,612,540,1137,0,0,30
11935,620,613,539,1140,0,0,30
11936,615,614,539,1140,0,0,30
11937,611,607,543,1138,0,0,30
11938,615,608,539,1138,0,0,30
11939,614,608,538,1138,0,0,30
11940,616,613,541,1136,0,0,30
11941,617,614,543,1134,0,0,30
11942,609,615,540,1139,0,0,30
11943,615,608,541,1134,0,0,30
11944,620,609,540,1137,0,0,30
11945,621,613,540,1139,0,0,30
11946,613,616,539,1140,0,0,30
11947,619,617,541,1137,0,0,30
11948,618,614,541,1141,0,0,30
11949,614,611,545,1139,0,0,30
11950,620,610,539,1137,1,0,30
11951,618,604,537,1139,1,0,30
11952,617,609,541,1142,1,0,30
11953,613,613,540,1138,1,0,30
11954,610,611,540,1133,1,0,30
11955,619,616,541,1140,1,0,30
11956,613,615,539,1142,1,0,30
11957,613,608,541,1137,1,0,30
11958,621,610,537,1139,1,0,30
11959,617,613,542,1135,1,0,30
11960,625,612,542,1140,1,0,30
11961,612,596,543,1144,1,0,30
11962,616,605,540,1140,1,0,30
11963,616,607,541,1139,1,0,30
11964,615,613,539,1137,1,0,30
11965,619,610,546,1136,0,0,30
11966,615,611,540,1136,0,0,30
11967,615,606,540,1137,0,0,30
11968,619,612,540,1139,0,0,30
11969,616,615,540,1142,0,0,30
11970,616,614,539,1136,0,0,30
11971,609,612,541,1140,0,0,30
11972,617,611,539,1137,0,0,30
11973,615,613,543,1135,0,0,30
11974,615,615,539,1139,0,0,30
11975,617,612,537,1140,0,0,30
11976,613,615,540,1139,0,0,30
11977,612,610,532,1146,0,0,30
11978,616,610,538,1137,0,0,30
11979,609,613,543,1139,0,0,30
11980,624,617,536,1141,0,0,30
11981,616,620,538,1138,0,0,30
11982,619,610,539,1133,0,0,30
11983,615,615,538,1139,0,0,30
11984,620,607,538,1140,0,0,30
11985,616,612,543,1137,0,0,30
11986,615,612,539,1136,0,0,30
11987,615,600,542,1139,0,0,30
11988,614,624,538,1140,0,0,30
11989,614,609,543,1139,0,0,30
11990,620,609,547,1135,0,0,30
11991,618,604,539,1139,0,0,30
11992,614,607,539,1138,0,0,30
11993,613,609,540,1139,0,0,30
11994,619,611,540,1143,0,0,30
11995,618,614,541,1138,0,0,30
11996,615,609,537,1139,0,0,30
11997,616,613,542,1138,0,0,30
11998,612,614,541,1144,0,0,30
11999,614,623,540,1138,0,0,30
12000,616,612,541,1136,1,0,30
12001,612,609,538,1139,1,0,30
12002,613,610,540,1141,1,0,30
12003,615,610,541,1138,1,0,30
12004,615,614,538,1142,1,0,30
12005,615,614,539,1137,1,0,30
12006,615,613,541,1138,1,0,30
12007,617,610,542,1142,1,0,30
12008,613,609,542,1142,1,0,30
12009,614,612,540,1140,1,0,30
12010,614,613,540,1141,1,0,30
12011,616,613,539,1141,1,0,30
12012,614,610,538,1141,1,0,30
12013,617,610,539,1138,1,0,30
12014,615,608,539,1138,1,0,30
12015,619,605,540,1138,0,0,30
12016,615,614,540,1139,0,0,30
12017,612,613,542,1140,0,0,30
12018,614,622,541,1139,0,0,30
12019,622,611,544,1139,0,0,30
12020,615,610,543,1141,0,0,30
12021,615,616,543,1140,0,0,30
12022,618,614,543,1140,0,0,30
12023,617,611,535,1140,0,0,30
12024,615,614,544,1135,0,0,30
12025,619,611,540,1140,0,0,30
12026,614,611,541,1138,0,0,30
12027,612,620,540,1139,0,0,30
12028,614,603,544,1142,0,0,30
12029,623,612,540,1139,0,0,30
12030,620,611,534,1142,0,0,30
12031,615,613,540,1139,0,0,30
12032,622,611,539,1140,0,0,30
12033,612,615,538,1141,0,0,30
12034,617,620,540,1139,0,0,30
12035,617,608,546,1140,0,0,30
12036,626,611,542,1138,0,0,30
12037,617,609,537,1138,0,0,30
12038,616,613,539,1136,0,0,30
12039,616,612,537,1141,0,0,30
12040,615,613,537,1137,0,0,30
12041,616,610,541,1138,0,0,30
12042,617,609,539,1139,0,0,30
12043,614,612,542,1138,0,0,30
12044,609,613,540,1141,0,0,30
12045,612,615,536,1139,0,0,30
12046,613,611,539,1142,0,0,30
12047,617,609,540,1139,0,0,30
12048,619,612,540,1141,0,0,30
12049,617,617,544,1138,0,0,30
12050,619,607,540,1137,1,0,30
12051,619,607,541,1137,1,0,30
12052,617,609,538,1138,1,0,30
12053,611,616,541,1138,1,0,30
12054,616,603,537,1134,1,0,30
12055,616,609,538,1138,1,0,30
12056,613,612,541,1139,1,0,30
12057,616,611,542,1139,1,0,30
12058,614,618,544,1137,1,0,30
12059,616,612,542,1139,1,0,30
12060,610,606,542,1137,1,0,30
12061,612,610,543,1138,1,0,30
12062,611,607,540,1141,1,0,30
12063,611,609,539,1139,1,0,30
12064,619,611,540,1139,1,0,30
12065,618,609,540,1136,0,0,30
12066,618,610,540,1146,0,0,30
12067,617,617,541,1140,0,0,30
12068,615,608,537,1140,0,0,30
12069,611,613,541,1137,0,0,30
12070,617,609,539,1139,0,0,30
12071,617,610,542,1139,0,0,30
12072,619,606,540,1135,0,0,30
12073,616,612,538,1138,0,0,30
12074,617,611,542,1139,0,0,30
12075,614,610,542,1139,0,0,30
12076,613,611,542,1139,0,0,30
12077,616,616,543,1139,0,0,30
12078,612,617,543,1138,0,0,30
12079,617,611,542,1141,0,0,30
12080,617,608,538,1138,0,0,30
12081,619,609,541,1138,0,0,30
12082,617,617,543,1138,0,0,30
12083,616,607,538,1140,0,0,30
12084,623,610,539,1137,0,0,30
12085,612,609,539,1139,0,0,30
12086,620,612,540,1139,0,0,30
12087,614,613,543,1137,0,0,30
12088,616,601,547,1143,0,0,30
12089,615,617,544,1148,0,0,30
12090,618,614,539,1138,0,0,30
12091,618,611,539,1137,0,0,30
12092,621,606,539,1138,0,0,30
12093,616,608,542,1138,0,0,30
12094,616,611,534,1139,0,0,30
12095,621,611,540,1139,0,0,30
12096,613,611,538,1141,0,0,30
12097,620,610,539,1137,0,0,30
12098,615,612,539,1136,0,0,30
12099,616,619,539,1137,0,0,30
12100,624,621,540,1139,1,0,30
12101,615,611,539,1138,1,0,30
12102,613,610,541,1148,1,0,30
12103,615,612,540,1138,1,0,30
12104,615,611,541,1141,1,0,30
12105,613,608,539,1143,1,0,30
12106,614,610,543,1138,1,0,30
12107,616,598,541,1139,1,0,30
12108,616,608,540,1139,1,0,30
12109,616,607,543,1137,1,0,30
12110,613,610,533,1138,1,0,30
12111,615,612,543,1138,1,0,30
12112,615,609,540,1141,1,0,30
12113,615,611,540,1140,1,0,30
12114,615,619,543,1141,1,0,30
12115,620,608,543,1136,0,0,30
12116,616,621,540,1139,0,0,30
12117,612,613,544,1139,0,0,30
12118,617,610,541,1136,0,0,30
12119,611,614,544,1140,0,0,30
12120,618,614,543,1141,0,0,30
12121,617,609,537,1138,0,0,30
12122,625,613,539,1139,0,0,30
12123,614,611,544,1141,0,0,30
12124,615,614,547,1139,0,0,30
12125,618,617,549,1139,0,0,30
12126,613,612,543,1139,0,0,30
12127,617,612,540,1136,0,0,30
12128,608,619,545,1139,0,0,30
12129,612,616,540,1141,0,0,30
12130,609,615,545,1143,0,0,30
12131,616,612,539,1140,0,0,30
12132,629,614,542,1141,0,0,30
12133,616,618,540,1140,0,0,30
12134,614,614,545,1140,0,0,30
12135,616,613,540,1137,0,0,30
12136,622,609,543,1140,0,0,30
12137,609,613,537,1139,0,0,30
12138,618,613,541,1138,0,0,30
12139,615,609,538,1138,0,0,30
12140,622,610,541,1140,0,0,30
12141,617,613,540,1137,0,0,30
12142,614,606,541,1137,0,0,30
12143,618,606,540,1139,0,0,30
12144,612,614,541,1139,0,0,30
12145,616,606,541,1139,0,0,30
12146,618,611,544,1138,0,0,30
12147,617,607,540,1136,0,0,30
12148,616,615,541,1138,0,0,30
12149,621,617,540,1140,0,0,30
12150,619,616,541,1138,1,0,30
12151,619,608,542,1143,1,0,30
12152,610,611,541,1137,1,0,30
12153,619,615,541,1141,1,0,30
12154,613,613,541,1137,1,0,30
12155,614,614,540,1139,1,0,30
12156,610,610,542,1143,1,0,30
12157,610,612,541,1142,1,0,30
12158,618,614,537,1141,1,0,30
12159,615,607,540,1138,1,0,30
12160,611,613,540,1137,1,0,30
12161,614,606,539,1136,1,0,30
12162,616,610,539,1142,1,0,30
12163,621,606,539,1139,1,0,30
12164,611,611,542,1137,1,0,30
12165,614,612,543,1138,0,0,30
12166,618,610,540,1140,0,0,30
12167,617,617,542,1137,0,0,30
12168,617,613,538,1140,0,0,30
12169,615,603,543,1139,0,0,30
12170,616,610,540,1141,0,0,30
12171,607,611,541,1138,0,0,30
12172,620,614,538,1139,0,0,30
12173,617,612,543,1144,0,0,30
12174,612,611,545,1139,0,0,30
12175,617,610,540,1139,0,0,30
12176,620,595,541,1137,0,0,30
12177,613,614,541,1145,0,0,30
12178,613,613,541,1134,0,0,30
12179,616,619,540,1142,0,0,30
12180,617,609,546,1140,0,0,30
12181,607,606,540,1137,0,0,30
12182,614,612,542,1141,0,0,30
12183,612,612,541,1138,0,0,30
12184,618,621,540,1138,0,0,30
12185,625,611,538,1139,0,0,30
12186,617,609,540,1140,0,0,30
12187,616,612,541,1142,0,0,30
12188,621,614,544,1139,0,0,30
12189,618,613,544,1138,0,0,30
12190,620,613,541,1137,0,0,30
12191,618,615,542,1139,0,0,30
12192,614,612,539,1138,0,0,30
12193,617,612,541,1134,0,0,30
12194,606,610,539,1134,0,0,30
12195,612,612,540,1143,0,0,30
12196,617,615,538,1138,0,0,30
12197,625,614,542,1139,0,0,30
12198,620,611,541,1137,0,0,30
12199,611,599,542,1136,0,0,30
12200,618,609,540,1138,1,0,30
12201,612,612,539,1140,1,0,30
12202,614,613,541,1139,1,0,30
12203,622,614,542,1139,1,0,30
12204,618,611,540,1132,1,0,30
12205,616,610,543,1136,1,0,30
12206,609,606,538,1139,1,0,30
12207,615,611,541,1139,1,0,30
12208,617,613,538,1141,1,0,30
12209,611,606,538,1141,1,0,30
12210,614,609,540,1138,1,0,30
12211,612,606,538,1140,1,0,30
12212,609,622,540,1143,1,0,30
12213,614,608,540,1137,1,0,30
12214,613,614,541,1141,1,0,30
12215,612,612,538,1137,0,0,30
12216,616,610,548,1137,0,0,30
12217,613,613,540,1141,0,0,30
12218,616,611,537,1140,0,0,30
12219,611,622,539,1140,0,0,30
12220,618,608,540,1137,0,0,30
12221,615,608,536,1137,0,0,30
12222,616,607,539,1140,0,0,30
12223,612,617,538,1137,0,0,30
12224,619,607,541,1139,0,0,30
12225,618,607,541,1138,0,0,30
12226,613,614,539,1136,0,0,30
12227,617,603,539,1137,0,0,30
12228,615,609,540,1139,0,0,30
12229,615,612,538,1142,0,0,30
12230,616,614,539,1138,0,0,30
12231,613,607,545,1141,0,0,30
12232,613,613,540,1140,0,0,30
12233,614,610,538,1137,0,0,30
12234,614,618,544,1132,0,0,30
12235,624,624,545,1140,0,0,30
12236,615,612,542,1141,0,0,30
12237,621,611,540,1143,0,0,30
12238,615,607,536,1138,0,0,30
12239,618,612,540,1140,0,0,30
12240,614,613,542,1138,0,0,30
12241,611,614,538,1136,0,0,30
12242,614,612,541,1133,0,0,30
12243,615,611,541,1139,0,0,30
12244,610,600,539,1138,0,0,30
12245,616,608,541,1139,0,0,30
12246,613,610,539,1139,0,0,30
12247,611,615,540,1138,0,0,30
12248,615,611,542,1137,0,0,30
12249,610,601,540,1137,0,0,30
12250,617,621,540,1141,1,0,30
12251,612,609,538,1140,1,0,30
12252,618,596,541,1138,1,0,30
12253,615,612,538,1140,1,0,30
12254,615,610,541,1136,1,0,30
12255,618,612,543,1138,1,0,30
12256,618,610,538,1143,1,0,30
12257,612,609,541,1140,1,0,30
12258,617,616,541,1138,1,0,30
12259,613,613,542,1137,1,0,30
12260,616,609,541,1139,1,0,30
12261,615,614,543,1139,1,0,30
12262,617,617,543,1139,1,0,30
12263,617,611,534,1139,1,0,30
12264,609,624,541,1139,1,0,30
12265,619,612,543,1139,0,0,30
12266,616,613,545,1140,0,0,30
12267,610,610,542,1138,0,0,30
12268,613,608,543,1138,0,0,30
12269,616,604,543,1139,0,0,30
12270,613,609,539,1140,0,0,30
12271,614,618,540,1136,0,0,30
12272,619,611,541,1140,0,0,30
12273,614,611,540,1136,0,0,30
12274,616,612,542,1142,0,0,30
12275,616,610,544,1140,0,0,30
12276,616,610,541,1139,0,0,30
12277,615,610,540,1138,0,0,30
12278,615,610,541,1138,0,0,30
12279,618,613,536,1144,0,0,30
12280,613,610,543,1139,0,0,30
12281,615,610,539,1138,0,0,30
12282,616,611,540,1139,0,0,30
12283,614,615,539,1138,0,0,30
12284,614,612,541,1138,0,0,30
12285,610,629,538,1140,0,0,30
12286,611,612,538,1139,0,0,30
12287,613,614,539,1138,0,0,30
12288,614,611,541,1136,0,0,30
12289,617,614,542,1134,0,0,30
12290,614,620,542,1138,0,0,30
12291,614,613,540,1138,0,0,30
12292,614,609,540,1140,0,0,30
12293,618,610,542,1136,0,0,30
12294,617,609,543,1141,0,0,30
12295,618,610,540,1140,0,0,30
12296,618,611,541,1138,0,0,30
12297,615,609,544,1138,0,0,30
12298,615,610,541,1134,0,0,30
12299,619,611,543,1138,0,0,30
12300,614,609,539,1138,1,0,30
12301,614,607,540,1139,1,0,30
12302,618,613,540,1140,1,0,30
12303,614,609,537,1144,1,0,30
12304,610,615,542,1140,1,0,30
12305,613,610,546,1139,1,0,30
12306,613,606,541,1138,1,0,30
12307,619,610,543,1138,1,0,30
12308,617,608,541,1136,1,0,30
12309,613,613,539,1143,1,0,30
12310,608,614,540,1136,1,0,30
12311,609,611,544,1134,1,0,30
12312,618,612,539,1140,1,0,30
12313,619,612,548,1139,1,0,30
12314,617,604,538,1139,1,0,30
12315,615,602,539,1141,0,0,30
12316,618,609,541,1139,0,0,30
12317,608,611,540,1139,0,0,30
12318,618,613,542,1138,0,0,30
12319,614,608,543,1139,0,0,30
12320,617,609,542,1136,0,0,30
12321,612,611,543,1137,0,0,30
12322,620,617,542,1140,0,0,30
12323,614,614,541,1140,0,0,30
12324,620,617,542,1139,0,0,30
12325,614,611,545,1141,0,0,30
12326,618,610,546,1138,0,0,30
12327,615,606,540,1132,0,0,30
12328,609,609,546,1139,0,0,30
12329,610,610,540,1135,0,0,30
12330,617,608,540,1137,0,0,30
12331,617,611,538,1142,0,0,30
12332,617,612,540,1140,0,0,30
12333,618,609,544,1139,0,0,30
12334,622,627,541,1141,0,0,30
12335,618,610,539,1138,0,0,30
12336,620,611,540,1138,0,0,30
12337,611,608,541,1137,0,0,30
12338,615,619,539,1130,0,0,30
12339,616,609,540,1139,0,0,30
12340,611,613,539,1138,0,0,30
12341,615,611,541,1139,0,0,30
12342,616,610,541,1138,0,0,30
12343,616,611,540,1135,0,0,30
12344,618,600,540,1138,0,0,30
12345,618,609,540,1138,0,0,30
12346,618,609,542,1137,0,0,30
12347,615,612,542,1139,0,0,30
12348,612,609,537,1139,0,0,30
12349,616,612,540,1139,0,0,30
12350,617,607,542,1138,1,0,30
12351,614,613,538,1143,1,0,30
12352,617,609,541,1138,1,0,30
12353,614,605,542,1139,1,0,30
12354,615,611,539,1141,1,0,30
12355,616,613,539,1137,1,0,30
12356,611,612,539,1139,1,0,30
12357,614,610,542,1144,1,0,30
12358,613,608,538,1138,1,0,30
12359,614,611,542,1140,1,0,30
12360,612,610,540,1132,1,0,30
12361,618,611,540,1140,1,0,30
12362,616,614,539,1140,1,0,30
12363,615,612,544,1140,1,0,30
12364,609,608,543,1141,1,0,30
12365,614,611,539,1138,0,0,30
12366,615,610,540,1139,0,0,30
12367,610,617,540,1136,0,0,30
12368,614,616,534,1139,0,0,30
12369,617,617,541,1138,0,0,30
12370,613,612,542,1136,0,0,30
12371,612,613,537,1138,0,0,30
12372,615,600,541,1138,0,0,30
12373,620,612,539,1143,0,0,30
12374,613,599,541,1139,0,0,30
12375,611,613,540,1137,0,0,30
12376,610,614,542,1138,0,0,30
12377,620,620,542,1139,0,0,30
12378,618,618,538,1141,0,0,30
12379,613,607,546,1139,0,0,30
12380,603,610,543,1139,0,0,30
12381,612,607,542,1137,0,0,30
12382,627,610,536,1138,0,0,30
12383,615,613,546,1141,0,0,30
12384,613,607,540,1134,0,0,30
12385,621,621,540,1142,0,0,30
12386,619,614,539,1139,0,0,30
12387,618,608,537,1138,0,0,30
12388,614,610,541,1143,0,0,30
12389,617,610,546,1138,0,0,30
12390,615,609,535,1135,0,0,30
12391,611,617,540,1137,0,0,30
12392,623,616,540,1141,0,0,30
12393,613,614,540,1138,0,0,30
12394,618,609,539,1138,0,0,30
12395,613,612,539,1140,0,0,30
12396,616,613,536,1140,0,0,30
12397,615,609,540,1144,0,0,30
12398,618,607,546,1141,0,0,30
12399,613,604,540,1138,0,0,30
12400,613,609,541,1139,1,0,30
12401,619,616,542,1139,1,0,30
12402,619,611,541,1141,1,0,30
12403,619,613,536,1139,1,0,30
12404,613,609,539,1141,1,0,30
12405,612,608,539,1140,1,0,30
12406,617,611,528,1137,1,0,30
12407,611,616,539,1139,1,0,30
12408,615,613,538,1138,1,0,30
12409,617,610,539,1136,1,0,30
12410,614,607,539,1141,1,0,30
12411,617,621,541,1140,1,0,30
12412,615,617,538,1142,1,0,30
12413,619,611,534,1141,1,0,30
12414,616,609,536,1144,1,0,30
12415,618,612,538,1141,0,0,30
12416,613,614,536,1139,0,0,30
12417,610,611,541,1140,0,0,30
12418,619,617,541,1136,0,0,30
12419,618,606,542,1138,0,0,30
12420,613,604,541,1137,0,0,30
12421,615,614,543,1140,0,0,30
12422,620,614,545,1134,0,0,30
12423,617,613,535,1139,0,0,30
12424,614,612,542,1138,0,0,30
12425,611,609,543,1140,0,0,30
12426,617,611,541,1138,0,0,30
12427,617,618,540,1141,0,0,30
12428,613,610,540,1141,0,0,30
12429,619,611,544,1140,0,0,30
12430,605,616,539,1140,0,0,30
12431,614,612,538,1139,0,0,30
12432,616,611,542,1138,0,0,30
12433,625,611,535,1139,0,0,30
12434,616,609,540,1139,0,0,30
12435,615,611,541,1140,0,0,30
12436,617,612,541,1140,0,0,30
12437,612,610,539,1137,0,0,30
12438,617,608,541,1139,0,0,30
12439,613,612,539,1140,0,0,30
12440,623,609,539,1140,0,0,30
12441,613,613,539,1136,0,0,30
12442,615,613,539,1141,0,0,30
12443,618,618,538,1136,0,0,30
12444,619,604,541,1134,0,0,30
12445,620,614,538,1135,0,0,30
12446,617,618,543,1138,0,0,30
12447,615,608,542,1140,0,0,30
12448,612,611,540,1138,0,0,30
12449,611,610,542,1137,0,0,30
12450,617,614,541,1139,1,0,30
12451,618,613,540,1139,1,0,30
12452,614,605,539,1139,1,0,30
12453,617,607,539,1139,1,0,30
12454,616,609,538,1141,1,0,30
12455,615,610,538,1141,1,0,30
12456,613,612,546,1138,1,0,30
12457,623,609,541,1136,1,0,30
12458,615,613,542,1138,1,0,30
12459,619,611,541,1141,1,0,30
12460,614,610,543,1141,1,0,30
12461,618,605,537,1148,1,0,30
12462,614,610,541,1138,1,0,30
12463,617,608,543,1138,1,0,30
12464,615,611,539,1136,1,0,30
12465,619,613,546,1135,0,0,30
12466,614,609,537,1143,0,0,30
12467,616,610,543,1144,0,0,30
12468,618,615,544,1141,0,0,30
12469,616,611,542,1139,0,0,30
12470,617,615,542,1137,0,0,30
12471,609,610,539,1132,0,0,30
12472,612,612,541,1138,0,0,30
12473,613,609,542,1137,0,0,30
12474,617,611,541,1139,0,0,30
12475,614,610,534,1138,0,0,30
12476,612,617,539,1144,0,0,30
12477,616,616,539,1138,0,0,30
12478,614,612,535,1141,0,0,30
12479,618,614,542,1139,0,0,30
12480,615,624,541,1138,0,0,30
12481,618,611,547,1138,0,0,30
12482,614,613,539,1139,0,0,30
12483,616,610,537,1137,0,0,30
12484,623,607,542,1141,0,0,30
12485,610,613,540,1139,0,0,30
12486,619,609,539,1139,0,0,30
12487,617,611,542,1139,0,0,30
12488,616,608,541,1138,0,0,30
12489,617,612,541,1140,0,0,30
12490,615,610,540,1145,0,0,30
12491,614,608,540,1138,0,0,30
12492,618,616,541,1140,0,0,30
12493,619,607,537,1138,0,0,30
12494,619,611,539,1137,0,0,30
12495,616,611,546,1134,0,0,30
12496,616,605,541,1138,0,0,30
12497,615,609,537,1141,0,0,30
12498,615,612,539,1138,0,0,30
12499,621,611,544,1137,0,0,30
12500,616,607,540,1139,1,0,30
12501,614,616,542,1142,1,0,30
12502,616,609,541,1137,1,0,30
12503,616,610,539,1140,1,0,30
12504,612,607,543,1135,1,0,30
12505,615,612,542,1139,1,0,30
12506,607,614,545,1137,1,0,30
12507,616,607,542,1137,1,0,30
12508,615,613,538,1140,1,0,30
12509,612,612,544,1137,1,0,30
12510,617,611,541,1139,1,0,30
12511,616,612,540,1140,1,0,30
12512,615,611,540,1136,1,0,30
12513,607,611,539,1141,1,0,30
12514,613,611,534,1142,1,0,30
12515,609,614,543,1145,0,0,30
12516,617,610,542,1144,0,0,30
12517,618,612,540,1140,0,0,30
12518,615,611,542,1142,0,0,30
12519,618,610,541,1138,0,0,30
12520,613,609,538,1132,0,0,30
12521,615,610,543,1138,0,0,30
12522,614,611,543,1138,0,0,30
12523,619,612,542,1140,0,0,30
12524,616,613,542,1139,0,0,30
12525,617,612,541,1135,0,0,30
12526,617,610,539,1133,0,0,30
12527,613,613,541,1141,0,0,30
12528,615,609,537,1138,0,0,30
12529,614,613,538,1140,0,0,30
12530,611,613,542,1140,0,0,30
12531,616,611,541,1139,0,0,30
12532,618,616,541,1138,0,0,30
12533,621,607,542,1137,0,0,30
12534,619,614,540,1133,0,0,30
12535,618,629,539,1137,0,0,30
12536,622,602,538,1139,0,0,30
12537,614,604,547,1141,0,0,30
12538,616,612,543,1138,0,0,30
12539,616,613,542,1139,0,0,30
12540,616,612,541,1137,0,0,30
12541,617,620,538,1137,0,0,30
12542,616,605,537,1141,0,0,30
12543,616,614,540,1138,0,0,30
12544,611,613,541,1140,0,0,30
12545,612,610,540,1139,0,0,30
12546,613,618,549,1138,0,0,30
12547,618,611,543,1142,0,0,30
12548,608,612,538,1140,0,0,30
12549,612,612,533,1136,0,0,30
12550,614,614,539,1138,1,0,30
12551,616,610,540,1138,1,0,30
12552,613,611,538,1140,1,0,30
12553,615,615,542,1135,1,0,30
12554,605,612,533,1138,1,0,30
12555,618,615,541,1136,1,0,30
12556,618,599,540,1138,1,0,30
12557,615,614,546,1137,1,0,30
12558,613,615,541,1140,1,0,30
12559,614,611,542,1139,1,0,30
12560,614,605,541,1136,1,0,30
12561,612,607,538,1139,1,0,30
12562,612,604,544,1134,1,0,30
12563,613,611,540,1138,1,0,30
12564,614,609,539,1137,1,0,30
12565,614,612,542,1134,0,0,30
12566,613,611,543,1140,0,0,30
12567,616,612,538,1140,0,0,30
12568,617,614,538,1139,0,0,30
12569,617,612,541,1136,0,0,30
12570,618,606,541,1139,0,0,30
12571,614,601,544,1137,0,0,30
12572,614,609,543,1145,0,0,30
12573,615,610,540,1135,0,0,30
12574,618,612,540,1135,0,0,30
12575,623,610,539,1139,0,0,30
12576,615,603,548,1140,0,0,30
12577,614,610,539,1139,0,0,30
12578,617,614,540,1135,0,0,30
12579,618,612,539,1141,0,0,30
12580,614,618,539,1136,0,0,30
12581,619,614,542,1143,0,0,30
12582,613,610,539,1140,0,0,30
12583,615,613,542,1139,0,0,30
12584,615,616,538,1138,0,0,30
12585,615,606,538,1138,0,0,30
12586,616,615,538,1139,0,0,30
12587,614,622,543,1138,0,0,30
12588,612,615,541,1138,0,0,30
12589,609,617,539,1140,0,0,30
12590,617,616,541,1138,0,0,30
12591,622,615,539,1134,0,0,30
12592,618,612,534,1140,0,0,30
12593,615,620,543,1140,0,0,30
12594,615,615,541,1141,0,0,30
12595,617,608,541,1143,0,0,30
12596,611,619,543,1139,0,0,30
12597,616,614,538,1140,0,0,30
12598,620,613,541,1137,0,0,30
12599,621,612,543,1137,0,0,30
12600,617,611,540,1139,1,0,30
12601,615,613,541,1143,1,0,30
12602,614,616,538,1139,1,0,30
12603,613,607,538,1138,1,0,30
12604,617,611,539,1138,1,0,30
12605,612,610,542,1140,1,0,30
12606,613,610,540,1141,1,0,30
12607,616,612,543,1134,1,0,30
12608,619,604,540,1141,1,0,30
12609,616,609,537,1139,1,0,30
12610,618,615,542,1139,1,0,30
12611,613,610,544,1141,1,0,30
12612,602,614,538,1139,1,0,30
12613,610,609,539,1132,1,0,30
12614,617,620,543,1140,1,0,30
12615,618,606,540,1135,0,0,30
12616,615,607,537,1137,0,0,30
12617,618,613,540,1138,0,0,30
12618,622,613,546,1139,0,0,30
12619,612,606,538,1140,0,0,30
12620,613,612,541,1138,0,0,30
12621,616,611,540,1143,0,0,30
12622,611,611,541,1139,0,0,30
12623,614,609,540,1141,0,0,30
12624,619,610,540,1139,0,0,30
12625,618,612,543,1142,0,0,30
12626,617,612,541,1131,0,0,30
12627,618,610,540,1137,0,0,30
12628,612,615,542,1138,0,0,30
12629,615,611,533,1139,0,0,30
12630,615,610,540,1139,0,0,30
12631,615,615,540,1138,0,0,30
12632,615,612,543,1138,0,0,30
12633,626,612,539,1137,0,0,30
12634,608,613,540,1139,0,0,30
12635,617,606,540,1137,0,0,30
12636,612,609,544,1139,0,0,30
12637,617,605,541,1139,0,0,30
12638,615,609,539,1139,0,0,30
12639,619,612,542,1141,0,0,30
12640,614,609,539,1136,0,0,30
12641,615,613,539,1142,0,0,30
12642,617,611,537,1140,0,0,30
12643,614,607,539,1136,0,0,30
12644,620,608,542,1138,0,0,30
12645,615,615,540,1140,0,0,30
12646,617,603,540,1138,0,0,30
12647,610,614,540,1138,0,0,30
12648,613,606,541,1138,0,0,30
12649,614,606,541,1138,0,0,30
12650,614,613,539,1137,1,0,30
12651,612,615,536,1141,1,0,30
12652,615,610,545,1139,1,0,30
12653,611,611,540,1140,1,0,30
12654,615,613,542,1138,1,0,30
12655,617,609,539,1137,1,0,30
12656,623,612,541,1138,1,0,30
12657,616,610,541,1140,1,0,30
12658,616,609,541,1140,1,0,30
12659,613,612,541,1138,1,0,30
12660,615,612,541,1142,1,0,30
12661,612,607,542,1139,1,0,30
12662,615,613,538,1140,1,0,30
12663,617,613,543,1141,1,0,30
12664,617,616,540,1140,1,0,30
12665,625,612,540,1139,0,0,30
12666,618,605,541,1137,0,0,30
12667,614,604,539,1134,0,0,30
12668,610,606,542,1138,0,0,30
12669,614,608,539,1144,0,0,30
12670,616,609,539,1140,0,0,30
12671,615,613,540,1141,0,0,30
12672,621,614,542,1136,0,0,30
12673,616,609,538,1142,0,0,30
12674,620,615,543,1141,0,0,30
12675,621,618,544,1138,0,0,30
12676,615,615,543,1145,0,0,30
12677,613,612,540,1139,0,0,30
12678,617,618,538,1140,0,0,30
12679,611,619,536,1142,0,0,30
12680,615,614,546,1137,0,0,30
12681,614,610,542,1137,0,0,30
12682,618,611,541,1140,0,0,30
12683,618,607,543,1138,0,0,30
12684,612,608,541,1142,0,0,30
12685,617,611,541,1142,0,0,30
12686,616,612,548,1138,0,0,30
12687,614,609,547,1137,0,0,30
12688,615,615,545,1137,0,0,30
12689,617,617,536,1138,0,0,30
12690,608,604,539,1139,0,0,30
12691,618,613,536,1142,0,0,30
12692,616,619,541,1138,0,0,30
12693,618,616,539,1139,0,0,30
12694,615,613,534,1139,0,0,30
12695,617,612,538,1139,0,0,30
12696,618,608,543,1138,0,0,30
12697,616,608,538,1136,0,0,30
12698,617,607,542,1139,0,0,30
12699,617,604,539,1140,0,0,30
12700,616,617,540,1139,1,0,30
12701,612,605,540,1141,1,0,30
12702,614,608,541,1139,1,0,30
12703,616,598,539,1137,1,0,30
12704,611,620,540,1140,1,0,30
12705,602,612,547,1136,1,0,30
12706,617,613,541,1143,1,0,30
12707,614,605,541,1139,1,0,30
12708,627,611,537,1139,1,0,30
12709,612,612,542,1140,1,0,30
12710,612,622,540,1141,1,0,30
12711,612,615,537,1139,1,0,30
12712,612,608,540,1142,1,0,30
12713,615,611,539,1141,1,0,30
12714,617,603,540,1138,1,0,30
12715,615,612,545,1138,0,0,30
12716,614,617,543,1136,0,0,30
12717,615,612,540,1139,0,0,30
12718,607,610,539,1138,0,0,30
12719,612,610,540,1140,0,0,30
12720,608,624,542,1141,0,0,30
12721,616,606,540,1137,0,0,30
12722,613,624,541,1136,0,0,30
12723,617,612,541,1140,0,0,30
12724,619,613,543,1142,0,0,30
12725,617,611,536,1139,0,0,30
12726,615,616,535,1135,0,0,30
12727,615,605,544,1139,0,0,30
12728,613,614,540,1142,0,0,30
12729,611,614,540,1142,0,0,30
12730,615,610,541,1139,0,0,30
12731,619,618,539,1135,0,0,30
12732,622,610,540,1136,0,0,30
12733,621,610,541,1139,0,0,30
12734,617,614,543,1139,0,0,30
12735,616,613,537,1137,0,0,30
12736,617,612,541,1140,0,0,30
12737,613,614,539,1139,0,0,30
12738,619,615,542,1138,0,0,30
12739,624,616,540,1134,0,0,30
12740,615,605,543,1138,0,0,30
12741,613,609,541,1136,0,0,30
12742,617,611,540,1137,0,0,30
12743,617,613,541,1138,0,0,30
12744,613,613,538,1137,0,0,30
12745,613,613,540,1138,0,0,30
12746,606,610,541,1133,0,0,30
12747,617,611,544,1141,0,0,30
12748,616,611,540,1138,0,0,30
12749,615,610,539,1135,0,0,30
12750,626,612,542,1139,1,0,30
12751,616,609,541,1139,1,0,30
12752,621,607,540,1140,1,0,30
12753,617,603,543,1139,1,0,30
12754,612,618,541,1140,1,0,30
12755,613,596,539,1139,1,0,30
12756,608,608,540,1147,1,0,30
12757,613,611,539,1136,1,0,30
12758,617,608,539,1138,1,0,30
12759,615,613,539,1142,1,0,30
12760,620,617,541,1139,1,0,30
12761,616,614,540,1130,1,0,30
12762,613,614,539,1141,1,0,30
12763,610,612,537,1141,1,0,30
12764,617,613,539,1139,1,0,30
12765,611,614,541,1147,0,0,30
12766,612,612,539,1140,0,0,30
12767,618,611,539,1139,0,0,30
12768,611,614,540,1139,0,0,30
12769,617,609,540,1140,0,0,30
12770,614,607,542,1139,0,0,30
12771,619,605,538,1140,0,0,30
12772,618,607,541,1137,0,0,30
12773,621,615,541,1139,0,0,30
12774,619,608,541,1140,0,0,30
12775,621,624,541,1138,0,0,30
12776,612,607,541,1138,0,0,30
12777,614,617,541,1139,0,0,30
12778,615,605,541,1138,0,0,30
12779,616,613,539,1139,0,0,30
12780,610,609,540,1136,0,0,30
12781,617,600,540,1142,0,0,30
12782,617,603,541,1137,0,0,30
12783,617,613,540,1138,0,0,30
12784,612,614,540,1146,0,0,30
12785,612,611,540,1138,0,0,30
12786,613,612,541,1140,0,0,30
12787,620,612,552,1139,0,0,30
12788,614,612,551,1139,0,0,30
12789,618,609,539,1140,0,0,30
12790,621,601,541,1144,0,0,30
12791,619,616,542,1139,0,0,30
12792,615,610,545,1139,0,0,30
12793,616,623,543,1138,0,0,30
12794,610,612,539,1137,0,0,30
12795,613,613,540,1138,0,0,30
12796,616,620,541,1132,0,0,30
12797,604,617,544,1142,0,0,30
12798,616,609,540,1134,0,0,30
12799,610,627,541,1137,0,0,30
12800,626,608,539,1139,1,0,30
12801,611,597,540,1143,1,0,30
12802,614,618,539,1138,1,0,30
12803,622,612,538,1140,1,0,30
12804,613,607,539,1137,1,0,30
12805,618,615,539,1138,1,0,30
12806,615,617,539,1137,1,0,30
12807,616,608,538,1139,1,0,30
12808,619,617,539,1143,1,0,30
12809,611,603,541,1139,1,0,30
12810,615,612,540,1140,1,0,30
12811,615,610,539,1142,1,0,30
12812,613,611,543,1140,1,0,30
12813,607,614,536,1141,1,0,30
12814,615,609,541,1137,1,0,30
12815,628,609,540,1136,0,0,30
12816,617,612,543,1143,0,0,30
12817,614,615,542,1140,0,0,30
12818,615,609,537,1142,0,0,30
12819,617,611,542,1140,0,0,30
12820,617,611,542,1138,0,0,30
12821,608,612,543,1138,0,0,30
12822,615,612,542,1139,0,0,30
12823,615,609,543,1138,0,0,30
12824,613,608,542,1140,0,0,30
12825,616,610,543,1138,0,0,30
12826,614,612,541,1137,0,0,30
12827,615,608,541,1140,0,0,30
12828,609,607,541,1139,0,0,30
12829,615,612,542,1139,0,0,30
12830,617,600,543,1140,0,0,30
12831,618,610,539,1139,0,0,30
12832,623,614,538,1138,0,0,30
12833,608,608,542,1142,0,0,30
12834,610,611,540,1138,0,0,30
12835,616,614,540,1139,0,0,30
12836,617,600,539,1135,0,0,30
12837,614,621,540,1141,0,0,30
12838,616,609,537,1139,0,0,30
12839,615,610,538,1140,0,0,30
12840,619,617,540,1137,0,0,30
12841,616,615,536,1138,0,0,30
12842,615,612,543,1141,0,0,30
12843,613,610,538,1140,0,0,30
12844,616,607,540,1138,0,0,30
12845,617,610,539,1139,0,0,30
12846,616,611,541,1139,0,0,30
12847,613,609,539,1139,0,0,30
12848,615,604,542,1137,0,0,30
12849,611,611,540,1141,0,0,30
12850,622,613,542,1142,1,0,30
12851,614,610,542,1140,1,0,30
12852,603,613,535,1139,1,0,30
12853,616,611,541,1142,1,0,30
12854,613,601,539,1142,1,0,30
12855,611,619,541,1139,1,0,30
12856,617,615,546,1139,1,0,30
12857,613,612,541,1137,1,0,30
12858,618,624,543,1131,1,0,30
12859,615,614,540,1141,1,0,30
12860,618,616,539,1140,1,0,30
12861,609,611,539,1140,1,0,30
12862,614,609,537,1142,1,0,30
12863,614,601,540,1137,1,0,30
12864,618,605,539,1142,1,0,30
12865,620,614,542,1140,0,0,30
12866,610,615,539,1137,0,0,30
12867,614,613,539,1139,0,0,30
12868,614,604,540,1139,0,0,30
12869,615,614,539,1138,0,0,30
12870,612,610,538,1138,0,0,30
12871,618,615,539,1139,0,0,30
12872,616,611,541,1144,0,0,30
12873,616,618,543,1138,0,0,30
12874,616,619,541,1141,0,0,30
12875,626,614,542,1140,0,0,30
12876,614,613,542,1135,0,0,30
12877,616,614,541,1137,0,0,30
12878,615,605,542,1136,0,0,30
12879,608,612,541,1134,0,0,30
12880,614,613,540,1142,0,0,30
12881,618,613,537,1140,0,0,30
12882,622,614,535,1143,0,0,30
12883,617,609,539,1138,0,0,30
12884,616,605,540,1138,0,0,30
12885,624,609,543,1140,0,0,30
12886,608,610,540,1142,0,0,30
12887,612,614,541,1138,0,0,30
12888,616,621,540,1138,0,0,30
12889,617,616,541,1136,0,0,30
12890,611,609,545,1139,0,0,30
12891,620,612,543,1137,0,0,30
12892,615,611,549,1142,0,0,30
12893,617,613,540,1137,0,0,30
12894,615,620,541,1140,0,0,30
12895,623,609,540,1140,0,0,30
12896,617,613,542,1142,0,0,30
12897,625,609,542,1141,0,0,30
12898,618,613,540,1139,0,0,30
12899,615,610,544,1136,0,0,30
12900,614,614,541,1132,1,0,30
12901,620,610,537,1138,1,0,30
12902,614,608,542,1136,1,0,30
12903,613,605,541,1141,1,0,30
12904,617,611,540,1141,1,0,30
12905,619,610,542,1138,1,0,30
12906,620,612,542,1142,1,0,30
12907,614,603,537,1139,1,0,30
12908,617,618,541,1140,1,0,30
12909,618,613,540,1140,1,0,30
12910,616,613,539,1138,1,0,30
12911,611,603,539,1140,1,0,30
12912,616,613,542,1141,1,0,30
12913,614,614,538,1139,1,0,30
12914,616,613,540,1139,1,0,30
12915,609,609,541,1142,0,0,30
12916,610,611,545,1135,0,0,30
12917,614,615,540,1140,0,0,30
12918,613,620,541,1140,0,0,30
12919,616,611,541,1138,0,0,30
12920,618,612,540,1138,0,0,30
12921,617,606,540,1136,0,0,30
12922,617,612,546,1141,0,0,30
12923,616,611,539,1138,0,0,30
12924,611,612,541,1130,0,0,30
12925,617,620,542,1139,0,0,30
12926,611,598,541,1138,0,0,30
12927,616,618,545,1139,0,0,30
12928,615,613,539,1138,0,0,30
12929,617,612,541,1140,0,0,30
12930,615,611,537,1138,0,0,30
12931,620,609,540,1137,0,0,30
12932,608,613,537,1137,0,0,30
12933,615,616,539,1140,0,0,30
12934,613,610,540,1141,0,0,30
12935,612,607,542,1137,0,0,30
12936,616,613,540,1136,0,0,30
12937,618,613,542,1141,0,0,30
12938,617,612,542,1139,0,0,30
12939,616,610,540,1139,0,0,30
12940,614,608,531,1138,0,0,30
12941,618,619,543,1139,0,0,30
12942,617,625,541,1140,0,0,30
12943,617,616,543,1136,0,0,30
12944,617,609,538,1138,0,0,30
12945,616,613,539,1138,0,0,30
12946,617,613,539,1139,0,0,30
12947,618,611,541,1139,0,0,30
12948,617,613,538,1139,0,0,30
12949,612,613,540,1140,0,0,30
12950,613,612,539,1141,1,0,30
12951,615,617,533,1137,1,0,30
12952,613,612,538,1139,1,0,30
12953,614,611,540,1140,1,0,30
12954,614,612,537,1142,1,0,30
12955,614,615,540,1138,1,0,30
12956,613,610,540,1141,1,0,30
12957,617,619,541,1137,1,0,30
12958,614,617,538,1141,1,0,30
12959,616,611,539,1138,1,0,30
12960,610,604,538,1141,1,0,30
12961,616,608,538,1140,1,0,30
12962,608,609,542,1139,1,0,30
12963,615,609,539,1136,1,0,30
12964,615,619,540,1140,1,0,30
12965,612,611,540,1141,0,0,30
12966,615,612,538,1140,0,0,30
12967,615,612,544,1141,0,0,30
12968,615,603,539,1139,0,0,30
12969,614,615,541,1140,0,0,30
12970,620,609,539,1140,0,0,30
12971,621,610,538,1141,0,0,30
12972,617,607,539,1136,0,0,30
12973,616,609,536,1141,0,0,30
12974,612,611,540,1140,0,0,30
12975,618,603,540,1137,0,0,30
12976,619,610,534,1135,0,0,30
12977,615,615,540,1138,0,0,30
12978,613,609,540,1141,0,0,30
12979,618,615,541,1141,0,0,30
12980,623,605,540,1138,0,0,30
12981,621,612,538,1139,0,0,30
12982,617,615,542,1141,0,0,30
12983,618,614,541,1140,0,0,30
12984,612,613,539,1135,0,0,30
12985,607,611,542,1140,0,0,30
12986,617,614,542,1139,0,0,30
12987,620,614,539,1137,0,0,30
12988,617,610,542,1140,0,0,30
12989,618,613,536,1138,0,0,30
12990,617,609,540,1139,0,0,30
12991,619,613,538,1139,0,0,30
12992,621,607,534,1137,0,0,30
12993,611,612,538,1138,0,0,30
12994,618,609,541,1139,0,0,30
12995,622,609,541,1140,0,0,30
12996,614,614,540,1140,0,0,30
12997,618,614,537,1137,0,0,30
12998,618,610,541,1139,0,0,30
12999,621,611,537,1139,0,0,30
13000,620,608,538,1137,1,0,30
13001,613,612,541,1141,1,0,30
13002,616,615,539,1141,1,0,30
13003,611,612,541,1138,1,0,30
13004,618,612,540,1134,1,0,30
13005,618,611,540,1135,1,0,30
13006,613,610,544,1140,1,0,30
13007,616,610,539,1138,1,0,30
13008,618,611,541,1141,1,0,30
13009,611,610,541,1138,1,0,30
13010,611,605,541,1141,1,0,30
13011,612,616,540,1130,1,0,30
13012,614,609,538,1139,1,0,30
13013,612,613,540,1145,1,0,30
13014,610,610,543,1140,1,0,30
13015,615,614,543,1140,0,0,30
13016,620,608,544,1140,0,0,30
13017,612,614,541,1140,0,0,30
13018,615,611,544,1139,0,0,30
13019,615,612,543,1138,0,0,30
13020,619,610,544,1132,0,0,30
13021,613,618,535,1135,0,0,30
13022,619,611,540,1139,0,0,30
13023,616,610,539,1139,0,0,30
13024,616,611,542,1138,0,0,30
13025,611,608,541,1135,0,0,30
13026,612,608,538,1140,0,0,30
13027,616,606,539,1138,0,0,30
13028,616,612,541,1138,0,0,30
13029,615,613,538,1142,0,0,30
13030,622,614,540,1138,0,0,30
13031,616,613,538,1139,0,0,30
13032,615,611,536,1137,0,0,30
13033,613,609,542,1141,0,0,30
13034,613,611,539,1139,0,0,30
13035,613,611,539,1137,0,0,30
13036,616,607,548,1138,0,0,30
13037,610,612,539,1139,0,0,30
13038,611,612,538,1140,0,0,30
13039,621,613,544,1129,0,0,30
13040,605,614,541,1137,0,0,30
13041,613,614,541,1140,0,0,30
13042,615,620,535,1136,0,0,30
13043,611,608,542,1138,0,0,30
13044,613,611,539,1140,0,0,30
13045,616,614,541,1138,0,0,30
13046,615,609,544,1140,0,0,30
13047,624,614,539,1139,0,0,30
13048,606,609,538,1142,0,0,30
13049,615,610,543,1141,0,0,30
13050,618,615,543,1133,1,0,30
13051,617,611,542,1139,1,0,30
13052,617,607,539,1135,1,0,30
13053,618,606,539,1138,1,0,30
13054,616,611,537,1140,1,0,30
13055,618,609,542,1137,1,0,30
13056,612,611,540,1138,1,0,30
13057,615,614,538,1138,1,0,30
13058,615,607,546,1141,1,0,30
13059,616,608,539,1137,1,0,30
13060,613,611,540,1138,1,0,30
13061,617,615,542,1140,1,0,30
13062,617,611,539,1142,1,0,30
13063,613,608,544,1130,1,0,30
13064,618,608,542,1140,1,0,30
13065,616,610,541,1141,0,0,30
13066,606,604,539,1139,0,0,30
13067,618,615,535,1140,0,0,30
13068,614,606,541,1138,0,0,30
13069,615,619,540,1141,0,0,30
13070,615,607,541,1138,0,0,30
13071,618,612,543,1136,0,0,30
13072,614,611,538,1140,0,0,30
13073,620,610,536,1136,0,0,30
13074,614,608,540,1139,0,0,30
13075,618,625,539,1137,0,0,30
13076,616,607,541,1139,0,0,30
13077,615,609,539,1137,0,0,30
13078,615,607,538,1141,0,0,30
13079,614,614,538,1140,0,0,30
13080,614,609,543,1140,0,0,30
13081,615,616,542,1136,0,0,30
13082,617,616,538,1137,0,0,30
13083,615,607,538,1137,0,0,30
13084,616,614,537,1138,0,0,30
13085,615,609,539,1136,0,0,30
13086,619,612,538,1141,0,0,30
13087,615,604,539,1133,0,0,30
13088,622,611,539,1139,0,0,30
13089,614,604,541,1139,0,0,30
13090,613,611,542,1138,0,0,30
13091,620,612,539,1129,0,0,30
13092,615,613,537,1134,0,0,30
13093,616,608,541,1138,0,0,30
13094,620,614,539,1134,0,0,30
13095,619,615,542,1138,0,0,30
13096,617,613,543,1141,0,0,30
13097,613,604,541,1136,0,0,30
13098,617,619,543,1137,0,0,30
13099,621,612,540,1138,0,0,30
13100,618,624,540,1140,1,0,30
13101,614,610,542,1138,1,0,30
13102,617,617,541,1140,1,0,30
13103,618,614,541,1137,1,0,30
13104,624,609,540,1134,1,0,30
13105,617,616,537,1139,1,0,30
13106,614,606,539,1136,1,0,30
13107,619,611,538,1138,1,0,30
13108,616,610,544,1137,1,0,30
13109,612,614,532,1142,1,0,30
13110,616,615,540,1135,1,0,30
13111,612,606,542,1136,1,0,30
13112,617,611,543,1141,1,0,30
13113,610,615,539,1140,1,0,30
13114,618,607,540,1140,1,0,30
13115,615,613,540,1140,0,0,30
13116,611,611,541,1137,0,0,30
13117,610,611,538,1139,0,0,30
13118,618,609,541,1138,0,0,30
13119,618,615,538,1137,0,0,30
13120,615,614,541,1138,0,0,30
13121,617,614,540,1142,0,0,30
13122,616,612,537,1139,0,0,30
13123,617,612,536,1136,0,0,30
13124,614,611,541,1137,0,0,30
13125,621,612,540,1140,0,0,30
13126,614,610,538,1137,0,0,30
13127,615,604,537,1140,0,0,30
13128,625,614,542,1137,0,0,30
13129,616,609,538,1138,0,0,30
13130,616,612,542,1140,0,0,30
13131,617,614,539,1137,0,0,30
13132,614,612,548,1140,0,0,30
13133,609,606,540,1148,0,0,30
13134,616,619,538,1127,0,0,30
13135,615,612,538,1140,0,0,30
13136,621,610,545,1139,0,0,30
13137,615,605,546,1137,0,0,30
13138,619,610,542,1138,0,0,30
13139,618,618,540,1154,0,0,30
13140,620,617,540,1139,0,0,30
13141,609,613,540,1144,0,0,30
13142,607,605,542,1138,0,0,30
13143,619,611,540,1138,0,0,30
13144,619,609,541,1139,0,0,30
13145,616,611,539,1139,0,0,30
13146,615,612,538,1139,0,0,30
13147,618,622,539,1139,0,0,30
13148,609,612,539,1141,0,0,30
13149,613,610,540,1140,0,0,30
13150,613,611,539,1138,1,0,30
13151,614,618,543,1142,1,0,30
13152,620,614,536,1129,1,0,30
13153,623,618,541,1139,1,0,30
13154,614,614,544,1141,1,0,30
13155,616,611,539,1142,1,0,30
13156,617,609,540,1139,1,0,30
13157,612,614,543,1138,1,0,30
13158,612,623,541,1136,1,0,30
13159,613,611,543,1138,1,0,30
13160,624,617,541,1141,1,0,30
13161,619,596,539,1140,1,0,30
13162,618,611,540,1140,1,0,30
13163,615,612,539,1140,1,0,30
13164,617,614,537,1139,1,0,30
13165,614,610,540,1141,0,0,30
13166,612,612,539,1139,0,0,30
13167,614,611,543,1140,0,0,30
13168,615,613,540,1142,0,0,30
13169,617,608,540,1138,0,0,30
13170,613,616,538,1137,0,0,30
13171,613,614,540,1138,0,0,30
13172,616,612,542,1137,0,0,30
13173,612,620,539,1132,0,0,30
13174,613,611,544,1135,0,0,30
13175,618,608,542,1140,0,0,30
13176,619,613,541,1139,0,0,30
13177,613,611,539,1139,0,0,30
13178,616,609,541,1137,0,0,30
13179,617,611,539,1140,0,0,30
13180,619,609,538,1137,0,0,30
13181,615,612,539,1138,0,0,30
13182,614,607,545,1145,0,0,30
13183,619,616,541,1136,0,0,30
13184,615,613,543,1138,0,0,30
13185,618,610,543,1141,0,0,30
13186,616,605,541,1141,0,0,30
13187,615,613,541,1143,0,0,30
13188,622,620,539,1137,0,0,30
13189,618,609,551,1144,0,0,30
13190,612,613,553,1141,0,0,30
13191,615,616,539,1140,0,0,30
13192,622,606,544,1137,0,0,30
13193,617,605,541,1137,0,0,30
13194,613,612,539,1137,0,0,30
13195,615,605,540,1138,0,0,30
13196,618,604,541,1140,0,0,30
13197,610,614,544,1143,0,0,30
13198,614,605,538,1139,0,0,30
13199,617,614,541,1139,0,0,30
13200,614,613,542,1138,1,0,30
13201,617,612,536,1138,1,0,30
13202,612,609,539,1140,1,0,30
13203,616,609,540,1140,1,0,30
13204,616,611,540,1143,1,0,30
13205,609,612,541,1141,1,0,30
13206,614,612,541,1138,1,0,30
13207,611,607,540,1138,1,0,30
13208,617,616,540,1139,1,0,30
13209,615,621,541,1141,1,0,30
13210,615,607,532,1139,1,0,30
13211,619,606,536,1140,1,0,30
13212,614,612,540,1140,1,0,30
13213,614,618,543,1141,1,0,30
13214,615,607,539,1138,1,0,30
13215,611,617,540,1142,0,0,30
13216,615,611,539,1136,0,0,30
13217,617,615,540,1139,0,0,30
13218,618,607,542,1137,0,0,30
13219,618,608,541,1140,0,0,30
13220,615,593,539,1139,0,0,30
13221,618,613,541,1140,0,0,30
13222,614,611,541,1142,0,0,30
13223,617,611,539,1140,0,0,30
13224,617,608,541,1139,0,0,30
13225,614,609,540,1139,0,0,30
13226,617,606,541,1138,0,0,30
13227,620,616,539,1138,0,0,30
13228,624,608,543,1140,0,0,30
13229,613,599,540,1138,0,0,30
13230,613,612,542,1140,0,0,30
13231,614,611,544,1139,0,0,30
13232,614,603,539,1139,0,0,30
13233,615,611,539,1141,0,0,30
13234,604,613,537,1138,0,0,30
13235,612,611,541,1137,0,0,30
13236,617,614,546,1124,0,0,30
13237,617,605,541,1139,0,0,30
13238,613,609,537,1140,0,0,30
13239,616,617,536,1140,0,0,30
13240,614,613,542,1138,0,0,30
13241,611,622,538,1138,0,0,30
13242,612,600,542,1140,0,0,30
13243,617,611,547,1137,0,0,30
13244,618,614,541,1140,0,0,30
13245,621,605,541,1138,0,0,30
13246,616,614,541,1133,0,0,30
13247,619,613,540,1137,0,0,30
13248,611,619,541,1139,0,0,30
13249,614,610,541,1139,0,0,30
13250,619,617,540,1137,1,0,30
13251,616,611,546,1139,1,0,30
13252,620,619,538,1140,1,0,30
13253,612,604,540,1140,1,0,30
13254,618,609,539,1139,1,0,30
13255,615,611,532,1140,1,0,30
13256,610,612,540,1139,1,0,30
13257,611,610,540,1139,1,0,30
13258,617,611,541,1138,1,0,30
13259,616,610,539,1140,1,0,30
13260,614,611,537,1139,1,0,30
13261,613,608,544,1139,1,0,30
13262,612,612,538,1147,1,0,30
13263,620,611,540,1136,1,0,30
13264,614,608,537,1137,1,0,30
13265,617,611,543,1138,0,0,30
13266,613,600,541,1144,0,0,30
13267,605,611,540,1137,0,0,30
13268,616,609,539,1140,0,0,30
13269,615,610,538,1137,0,0,30
13270,617,613,542,1140,0,0,30
13271,616,611,540,1137,0,0,30
13272,621,612,538,1137,0,0,30
13273,615,613,541,1137,0,0,30
13274,615,612,542,1136,0,0,30
13275,616,611,538,1138,0,0,30
13276,617,612,546,1139,0,0,30
13277,615,610,541,1137,0,0,30
13278,616,612,541,1128,0,0,30
13279,614,610,538,1138,0,0,30
13280,619,613,543,1139,0,0,30
13281,615,616,542,1138,0,0,30
13282,609,612,540,1139,0,0,30
13283,625,609,541,1141,0,0,30
13284,617,613,540,1139,0,0,30
13285,620,609,539,1135,0,0,30
13286,618,611,540,1139,0,0,30
13287,618,611,542,1141,0,0,30
13288,615,611,539,1135,0,0,30
13289,619,609,542,1139,0,0,30
13290,613,610,543,1142,0,0,30
13291,617,614,543,1137,0,0,30
13292,620,608,540,1140,0,0,30
13293,613,607,541,1138,0,0,30
13294,620,613,541,1138,0,0,30
13295,614,608,541,1138,0,0,30
13296,616,605,544,1137,0,0,30
13297,613,608,539,1139,0,0,30
13298,618,615,538,1136,0,0,30
13299,616,612,538,1136,0,0,30
13300,616,611,543,1139,1,0,30
13301,618,613,540,1139,1,0,30
13302,614,607,535,1140,1,0,30
13303,616,611,542,1138,1,0,30
13304,616,610,540,1141,1,0,30
13305,614,612,537,1137,1,0,30
13306,614,611,544,1143,1,0,30
13307,615,618,539,1140,1,0,30
13308,615,610,540,1142,1,0,30
13309,614,610,540,1139,1,0,30
13310,615,612,540,1140,1,0,30
13311,615,612,541,1139,1,0,30
13312,613,615,542,1136,1,0,30
13313,615,612,542,1141,1,0,30
13314,601,625,544,1143,1,0,30
13315,614,612,541,1137,0,0,30
13316,615,611,540,1141,0,0,30
13317,607,614,541,1141,0,0,30
13318,610,606,538,1139,0,0,30
13319,611,602,540,1140,0,0,30
13320,615,614,544,1142,0,0,30
13321,612,613,542,1139,0,0,30
13322,616,614,542,1139,0,0,30
13323,615,616,541,1138,0,0,30
13324,617,611,541,1139,0,0,30
13325,616,611,539,1139,0,0,30
13326,617,611,539,1141,0,0,30
13327,617,610,542,1138,0,0,30
13328,619,612,538,1142,0,0,30
13329,619,610,543,1141,0,0,30
13330,614,610,541,1137,0,0,30
13331,610,608,539,1138,0,0,30
13332,614,614,542,1141,0,0,30
13333,620,613,539,1142,0,0,30
13334,614,616,541,1141,0,0,30
13335,614,609,539,1137,0,0,30
13336,616,609,543,1139,0,0,30
13337,614,610,542,1147,0,0,30
13338,613,620,541,1137,0,0,30
13339,617,611,540,1139,0,0,30
13340,609,615,538,1137,0,0,30
13341,616,613,540,1139,0,0,30
13342,610,622,542,1140,0,0,30
13343,617,609,540,1141,0,0,30
13344,619,612,536,1141,0,0,30
13345,613,612,535,1139,0,0,30
13346,614,611,540,1145,0,0,30
13347,617,613,543,1140,0,0,30
13348,615,611,542,1136,0,0,30
13349,617,610,541,1142,0,0,30
13350,620,611,538,1140,1,0,30
13351,616,615,537,1137,1,0,30
13352,616,610,540,1144,1,0,30
13353,613,612,540,1138,1,0,30
13354,612,609,540,1140,1,0,30
13355,612,612,540,1136,1,0,30
13356,616,613,540,1144,1,0,30
13357,616,599,542,1143,1,0,30
13358,615,610,542,1137,1,0,30
13359,614,611,540,1140,1,0,30
13360,614,612,540,1139,1,0,30
13361,604,614,538,1149,1,0,30
13362,614,612,538,1141,1,0,30
13363,609,615,541,1140,1,0,30
13364,610,620,540,1138,1,0,30
13365,618,611,540,1142,0,0,30
13366,617,612,541,1139,0,0,30
13367,618,608,540,1140,0,0,30
13368,616,611,537,1138,0,0,30
13369,618,612,543,1140,0,0,30
13370,614,609,540,1138,0,0,30
13371,619,615,540,1140,0,0,30
13372,617,612,541,1143,0,0,30
13373,615,617,540,1139,0,0,30
13374,614,616,539,1140,0,0,30
13375,622,614,540,1139,0,0,30
13376,617,612,538,1138,0,0,30
13377,617,611,539,1136,0,0,30
13378,617,617,540,1138,0,0,30
13379,621,610,541,1140,0,0,30
13380,609,615,540,1138,0,0,30
13381,619,601,538,1139,0,0,30
13382,612,611,540,1141,0,0,30
13383,617,619,543,1139,0,0,30
13384,621,620,539,1139,0,0,30
13385,629,615,543,1133,0,0,30
13386,616,612,540,1139,0,0,30
13387,617,613,542,1140,0,0,30
13388,614,614,541,1136,0,0,30
13389,613,611,541,1135,0,0,30
13390,615,611,536,1140,0,0,30
13391,619,610,539,1139,0,0,30
13392,615,614,542,1139,0,0,30
13393,616,611,540,1137,0,0,30
13394,616,615,538,1138,0,0,30
13395,619,611,542,1137,0,0,30
13396,623,609,542,1136,0,0,30
13397,615,609,536,1139,0,0,30
13398,613,613,541,1140,0,0,30
13399,625,610,542,1137,0,0,30
13400,617,609,541,1139,1,0,30
13401,614,611,540,1137,1,0,30
13402,612,614,540,1127,1,0,30
13403,616,605,541,1143,1,0,30
13404,622,615,540,1138,1,0,30
13405,614,613,536,1136,1,0,30
13406,609,608,539,1137,1,0,30
13407,614,616,541,1139,1,0,30
13408,618,614,541,1139,1,0,30
13409,614,605,548,1136,1,0,30
13410,612,604,539,1136,1,0,30
13411,617,613,540,1133,1,0,30
13412,612,613,541,1139,1,0,30
13413,617,609,540,1139,1,0,30
13414,612,611,536,1140,1,0,30
13415,617,613,544,1138,0,0,30
13416,616,616,541,1138,0,0,30
13417,618,613,538,1141,0,0,30
13418,617,613,543,1136,0,0,30
13419,616,608,545,1139,0,0,30
13420,615,608,542,1140,0,0,30
13421,612,619,541,1140,0,0,30
13422,614,615,542,1142,0,0,30
13423,613,611,541,1139,0,0,30
13424,608,614,542,1130,0,0,30
13425,627,611,540,1139,0,0,30
13426,617,613,538,1135,0,0,30
13427,617,610,544,1137,0,0,30
13428,613,612,538,1138,0,0,30
13429,615,615,540,1137,0,0,30
13430,611,613,543,1137,0,0,30
13431,615,609,541,1141,0,0,30
13432,614,610,541,1140,0,0,30
13433,620,612,543,1130,0,0,30
13434,614,612,545,1136,0,0,30
13435,619,613,538,1138,0,0,30
13436,616,611,539,1139,0,0,30
13437,613,609,542,1137,0,0,30
13438,620,596,544,1135,0,0,30
13439,616,607,543,1141,0,0,30
13440,619,609,541,1138,0,0,30
13441,617,608,545,1136,0,0,30
13442,615,614,543,1138,0,0,30
13443,613,609,541,1139,0,0,30
13444,612,609,540,1138,0,0,30
13445,615,616,540,1139,0,0,30
13446,614,610,541,1140,0,0,30
13447,611,615,539,1136,0,0,30
13448,613,610,542,1140,0,0,30
13449,618,608,536,1138,0,0,30
13450,610,614,542,1131,1,0,30
13451,611,612,542,1137,1,0,30
13452,613,608,541,1136,1,0,30
13453,624,605,542,1141,1,0,30
13454,617,608,539,1137,1,0,30
13455,616,614,538,1139,1,0,30
13456,610,612,539,1138,1,0,30
13457,614,608,541,1138,1,0,30
13458,611,598,540,1137,1,0,30
13459,614,610,539,1140,1,0,30
13460,624,609,535,1140,1,0,30
13461,617,602,540,1141,1,0,30
13462,608,612,538,1135,1,0,30
13463,613,597,538,1139,1,0,30
13464,610,614,539,1141,1,0,30
13465,615,607,539,1140,0,0,30
13466,616,611,539,1141,0,0,30
13467,613,617,539,1139,0,0,30
13468,613,615,539,1139,0,0,30
13469,616,612,541,1140,0,0,30
13470,613,612,535,1139,0,0,30
13471,620,612,544,1140,0,0,30
13472,621,614,539,1136,0,0,30
13473,619,610,541,1137,0,0,30
13474,618,609,540,1137,0,0,30
13475,619,612,540,1138,0,0,30
13476,617,614,541,1137,0,0,30
13477,616,612,538,1133,0,0,30
13478,614,612,549,1142,0,0,30
13479,612,612,541,1138,0,0,30
13480,614,615,544,1141,0,0,30
13481,619,612,542,1139,0,0,30
13482,615,609,540,1138,0,0,30
13483,617,614,541,1139,0,0,30
13484,611,608,538,1139,0,0,30
13485,618,609,541,1143,0,0,30
13486,614,609,545,1139,0,0,30
13487,622,611,539,1140,0,0,30
13488,614,611,542,1141,0,0,30
13489,620,609,542,1139,0,0,30
13490,617,614,539,1140,0,0,30
13491,615,613,540,1142,0,0,30
13492,615,608,538,1140,0,0,30
13493,622,611,540,1139,0,0,30
13494,619,615,542,1133,0,0,30
13495,613,612,543,1140,0,0,30
13496,617,612,539,1136,0,0,30
13497,623,610,539,1141,0,0,30
13498,617,612,539,1139,0,0,30
13499,620,612,540,1138,0,0,30
13500,622,609,540,1138,1,0,30
13501,618,612,542,1137,1,0,30
13502,613,613,537,1138,1,0,30
13503,619,612,539,1142,1,0,30
13504,612,616,546,1137,1,0,30
13505,615,614,543,1140,1,0,30
13506,614,605,540,1140,1,0,30
13507,612,611,540,1136,1,0,30
13508,618,613,543,1140,1,0,30
13509,615,610,549,1140,1,0,30
13510,608,614,540,1139,1,0,30
13511,599,613,540,1141,1,0,30
13512,616,603,541,1139,1,0,30
13513,616,613,539,1140,1,0,30
13514,611,614,539,1140,1,0,30
13515,615,616,539,1142,0,0,30
13516,618,600,541,1139,0,0,30
13517,618,604,541,1138,0,0,30
13518,613,614,542,1141,0,0,30
13519,612,617,541,1143,0,0,30
13520,612,615,540,1142,0,0,30
13521,617,611,536,1138,0,0,30
13522,613,610,538,1140,0,0,30
13523,621,612,539,1144,0,0,30
13524,618,611,539,1137,0,0,30
13525,621,611,540,1140,0,0,30
13526,612,611,541,1146,0,0,30
13527,613,612,539,1127,0,0,30
13528,618,614,543,1138,0,0,30
13529,614,606,541,1144,0,0,30
13530,613,611,540,1146,0,0,30
13531,615,611,543,1139,0,0,30
13532,617,611,546,1138,0,0,30
13533,615,603,540,1140,0,0,30
13534,615,611,540,1138,0,0,30
13535,617,620,547,1140,0,0,30
13536,616,603,539,1139,0,0,30
13537,615,614,540,1140,0,0,30
13538,613,609,543,1139,0,0,30
13539,615,608,539,1139,0,0,30
13540,615,616,540,1140,0,0,30
13541,615,607,540,1137,0,0,30
13542,615,614,541,1140,0,0,30
13543,618,609,541,1140,0,0,30
13544,614,607,540,1138,0,0,30
13545,613,601,539,1139,0,0,30
13546,615,610,539,1138,0,0,30
13547,607,611,539,1141,0,0,30
13548,616,612,540,1127,0,0,30
13549,620,616,541,1137,0,0,30
13550,619,608,538,1138,1,0,30
13551,613,612,540,1139,1,0,30
13552,619,614,539,1137,1,0,30
13553,608,612,539,1138,1,0,30
13554,614,610,542,1140,1,0,30
13555,613,600,539,1138,1,0,30
13556,614,606,544,1139,1,0,30
13557,619,614,540,1136,1,0,30
13558,615,612,538,1140,1,0,30
13559,615,613,542,1139,1,0,30
13560,616,611,541,1137,1,0,30
13561,615,612,545,1133,1,0,30
13562,611,611,541,1136,1,0,30
13563,619,623,538,1137,1,0,30
13564,619,619,538,1139,1,0,30
13565,616,616,539,1143,0,0,30
13566,618,611,543,1142,0,0,30
13567,620,608,539,1137,0,0,30
13568,616,610,543,1139,0,0,30
13569,613,606,539,1139,0,0,30
13570,618,603,543,1139,0,0,30
13571,615,615,542,1141,0,0,30
13572,619,597,539,1145,0,0,30
13573,606,606,543,1136,0,0,30
13574,621,611,542,1136,0,0,30
13575,614,613,540,1138,0,0,30
13576,609,606,543,1140,0,0,30
13577,613,615,542,1141,0,0,30
13578,616,623,540,1137,0,0,30
13579,618,611,541,1137,0,0,30
13580,616,602,543,1140,0,0,30
13581,608,615,540,1139,0,0,30
13582,617,614,541,1136,0,0,30
13583,614,611,539,1139,0,0,30
13584,623,611,534,1137,0,0,30
13585,615,612,542,1142,0,0,30
13586,612,586,543,1142,0,0,30
13587,610,613,538,1144,0,0,30
13588,613,611,541,1139,0,0,30
13589,617,613,544,1136,0,0,30
13590,615,613,540,1142,0,0,30
13591,617,612,539,1138,0,0,30
13592,616,613,538,1137,0,0,30
13593,619,611,540,1138,0,0,30
13594,610,619,540,1138,0,0,30
13595,611,608,540,1135,0,0,30
13596,616,613,539,1138,0,0,30
13597,617,607,541,1140,0,0,30
13598,616,594,543,1140,0,0,30
13599,618,612,544,1143,0,0,30
13600,615,614,541,1140,1,0,30
13601,614,608,541,1140,1,0,30
13602,618,612,540,1135,1,0,30
13603,616,608,535,1137,1,0,30
13604,611,611,538,1140,1,0,30
13605,617,612,540,1144,1,0,30
13606,614,616,540,1140,1,0,30
13607,612,608,539,1139,1,0,30
13608,611,612,542,1139,1,0,30
13609,615,605,541,1135,1,0,30
13610,618,610,540,1138,1,0,30
13611,613,616,540,1137,1,0,30
13612,612,616,541,1137,1,0,30
13613,616,619,542,1138,1,0,30
13614,615,610,538,1141,1,0,30
13615,610,612,543,1133,0,0,30
13616,625,614,544,1138,0,0,30
13617,617,609,538,1140,0,0,30
13618,612,612,538,1139,0,0,30
13619,612,610,540,1139,0,0,30
13620,607,612,542,1138,0,0,30
13621,616,608,545,1138,0,0,30
13622,622,614,541,1143,0,0,30
13623,620,615,544,1136,0,0,30
13624,615,615,539,1133,0,0,30
13625,617,613,544,1139,0,0,30
13626,620,621,542,1139,0,0,30
13627,616,613,541,1139,0,0,30
13628,612,608,541,1137,0,0,30
13629,614,604,540,1137,0,0,30
13630,614,614,543,1136,0,0,30
13631,616,608,541,1139,0,0,30
13632,623,609,547,1139,0,0,30
13633,617,612,541,1133,0,0,30
13634,624,614,540,1140,0,0,30
13635,613,614,538,1139,0,0,30
13636,614,607,539,1138,0,0,30
13637,613,614,540,1140,0,0,30
13638,618,608,539,1140,0,0,30
13639,617,615,542,1144,0,0,30
13640,615,614,540,1138,0,0,30
13641,609,610,542,1142,0,0,30
13642,618,609,541,1140,0,0,30
13643,617,610,539,1137,0,0,30
13644,614,612,540,1138,0,0,30
13645,619,613,543,1138,0,0,30
13646,619,608,539,1136,0,0,30
13647,621,608,543,1137,0,0,30
13648,622,610,539,1138,0,0,30
13649,614,614,537,1138,0,0,30
13650,620,611,539,1139,1,0,30
13651,615,612,543,1138,1,0,30
13652,615,609,543,1140,1,0,30
13653,615,614,537,1139,1,0,30
13654,618,610,541,1140,1,0,30
13655,617,614,541,1140,1,0,30
13656,615,608,543,1137,1,0,30
13657,620,613,536,1139,1,0,30
13658,618,614,542,1141,1,0,30
13659,602,609,539,1136,1,0,30
13660,614,613,538,1139,1,0,30
13661,615,614,546,1137,1,0,30
13662,616,608,539,1137,1,0,30
13663,615,613,543,1135,1,0,30
13664,614,620,536,1140,1,0,30
13665,616,611,539,1134,0,0,30
13666,617,611,538,1141,0,0,30
13667,611,612,539,1139,0,0,30
13668,614,612,536,1150,0,0,30
13669,613,614,542,1140,0,0,30
13670,612,605,539,1139,0,0,30
13671,614,611,542,1130,0,0,30
13672,617,611,540,1138,0,0,30
13673,617,611,539,1139,0,0,30
13674,620,610,540,1139,0,0,30
13675,611,610,537,1141,0,0,30
13676,605,611,541,1138,0,0,30
13677,618,607,539,1139,0,0,30
13678,618,627,542,1140,0,0,30
13679,617,611,541,1140,0,0,30
13680,612,617,541,1141,0,0,30
13681,616,612,541,1139,0,0,30
13682,619,614,539,1140,0,0,30
13683,617,614,537,1135,0,0,30
13684,616,610,537,1142,0,0,30
13685,618,617,538,1141,0,0,30
13686,617,612,541,1142,0,0,30
13687,613,613,543,1140,0,0,30
13688,616,615,542,1139,0,0,30
13689,610,608,541,1139,0,0,30
13690,614,611,540,1138,0,0,30
13691,621,610,543,1137,0,0,30
13692,617,612,544,1138,0,0,30
13693,620,613,539,1143,0,0,30
13694,611,614,538,1140,0,0,30
13695,614,610,542,1137,0,0,30
13696,623,608,540,1136,0,0,30
13697,617,609,539,1140,0,0,30
13698,618,613,538,1140,0,0,30
13699,617,603,543,1138,0,0,30
13700,615,612,538,1137,1,0,30
13701,620,612,542,1139,1,0,30
13702,612,611,534,1139,1,0,30
13703,613,620,547,1138,1,0,30
13704,608,621,541,1140,1,0,30
13705,614,612,541,1136,1,0,30
13706,617,605,542,1140,1,0,30
13707,619,615,542,1135,1,0,30
13708,611,617,541,1140,1,0,30
13709,612,615,540,1144,1,0,30
13710,614,606,539,1141,1,0,30
13711,615,607,541,1138,1,0,30
13712,613,614,538,1141,1,0,30
13713,615,612,541,1141,1,0,30
13714,615,613,539,1141,1,0,30
13715,622,611,536,1136,0,0,30
13716,625,613,538,1140,0,0,30
13717,624,608,543,1139,0,0,30
13718,615,610,549,1139,0,0,30
13719,619,614,541,1137,0,0,30
13720,614,604,541,1140,0,0,30
13721,623,610,540,1137,0,0,30
13722,618,615,539,1137,0,0,30
13723,613,613,542,1145,0,0,30
13724,612,599,537,1139,0,0,30
13725,623,611,540,1140,0,0,30
13726,612,613,542,1141,0,0,30
13727,615,614,539,1140,0,0,30
13728,617,611,544,1137,0,0,30
13729,620,614,539,1136,0,0,30
13730,615,608,539,1137,0,0,30
13731,616,610,544,1142,0,0,30
13732,620,609,535,1140,0,0,30
13733,618,608,540,1140,0,0,30
13734,615,601,535,1140,0,0,30
13735,615,611,540,1139,0,0,30
13736,616,611,541,1143,0,0,30
13737,617,611,539,1139,0,0,30
13738,617,614,541,1144,0,0,30
13739,619,613,542,1141,0,0,30
13740,617,615,542,1139,0,0,30
13741,605,596,540,1135,0,0,30
13742,612,611,543,1131,0,0,30
13743,615,609,540,1137,0,0,30
13744,619,619,540,1143,0,0,30
13745,613,615,539,1135,0,0,30
13746,624,614,540,1140,0,0,30
13747,625,609,539,1140,0,0,30
13748,616,602,540,1135,0,0,30
13749,612,614,543,1139,0,0,30
13750,617,606,540,1141,1,0,30
13751,616,616,541,1140,1,0,30
13752,620,612,543,1140,1,0,30
13753,614,605,544,1140,1,0,30
13754,613,610,541,1140,1,0,30
13755,623,613,540,1136,1,0,30
13756,614,609,538,1138,1,0,30
13757,614,607,543,1138,1,0,30
13758,610,606,543,1138,1,0,30
13759,613,611,540,1140,1,0,30
13760,613,611,546,1138,1,0,30
13761,614,615,531,1141,1,0,30
13762,621,607,540,1145,1,0,30
13763,617,598,542,1140,1,0,30
13764,615,614,540,1138,1,0,30
13765,614,606,539,1136,0,0,30
13766,620,611,540,1143,0,0,30
13767,617,612,539,1137,0,0,30
13768,613,611,538,1137,0,0,30
13769,614,612,538,1130,0,0,30
13770,615,626,541,1139,0,0,30
13771,612,610,543,1134,0,0,30
13772,620,616,548,1139,0,0,30
13773,616,606,534,1140,0,0,30
13774,616,614,542,1138,0,0,30
13775,619,616,540,1137,0,0,30
13776,614,618,542,1139,0,0,30
13777,616,614,540,1140,0,0,30
13778,614,609,538,1136,0,0,30
13779,610,613,544,1135,0,0,30
13780,616,610,538,1138,0,0,30
13781,616,615,538,1140,0,0,30
13782,615,611,541,1136,0,0,30
13783,617,611,542,1140,0,0,30
13784,615,608,540,1137,0,0,30
13785,616,616,542,1140,0,0,30
13786,615,613,538,1140,0,0,30
13787,615,612,539,1141,0,0,30
13788,614,612,543,1137,0,0,30
13789,616,613,545,1138,0,0,30
13790,618,604,539,1135,0,0,30
13791,609,607,541,1133,0,0,30
13792,608,613,538,1138,0,0,30
13793,616,618,538,1138,0,0,30
13794,616,607,539,1138,0,0,30
13795,614,612,538,1141,0,0,30
13796,617,613,541,1140,0,0,30
13797,615,615,538,1140,0,0,30
13798,610,610,544,1139,0,0,30
13799,619,614,544,1138,0,0,30
13800,616,615,537,1140,1,0,30
13801,620,625,543,1142,1,0,30
13802,619,612,540,1139,1,0,30
13803,615,610,540,1140,1,0,30
13804,612,609,539,1142,1,0,30
13805,609,611,540,1137,1,0,30
13806,614,626,548,1140,1,0,30
13807,612,610,542,1138,1,0,30
13808,610,614,540,1144,1,0,30
13809,616,615,536,1136,1,0,30
13810,614,611,539,1137,1,0,30
13811,623,609,537,1139,1,0,30
13812,618,610,539,1139,1,0,30
13813,613,610,542,1139,1,0,30
13814,615,615,538,1140,1,0,30
13815,614,607,542,1138,0,0,30
13816,614,611,538,1138,0,0,30
13817,626,608,541,1135,0,0,30
13818,618,616,540,1141,0,0,30
13819,614,612,543,1133,0,0,30
13820,618,613,540,1141,0,0,30
13821,617,612,539,1140,0,0,30
13822,616,617,539,1140,0,0,30
13823,614,614,540,1136,0,0,30
13824,623,612,542,1140,0,0,30
13825,615,612,541,1138,0,0,30
13826,615,618,538,1140,0,0,30
13827,611,605,539,1135,0,0,30
13828,615,615,533,1135,0,0,30
13829,615,613,539,1137,0,0,30
13830,619,609,541,1140,0,0,30
13831,614,613,543,1137,0,0,30
13832,619,611,542,1137,0,0,30
13833,616,613,539,1138,0,0,30
13834,616,614,541,1139,0,0,30
13835,612,611,540,1141,0,0,30
13836,613,610,545,1138,0,0,30
13837,618,612,537,1141,0,0,30
13838,616,619,536,1138,0,0,30
13839,605,611,540,1142,0,0,30
13840,614,613,546,1137,0,0,30
13841,619,609,540,1137,0,0,30
13842,615,613,540,1139,0,0,30
13843,615,609,538,1141,0,0,30
13844,615,613,539,1141,0,0,30
13845,620,605,538,1139,0,0,30
13846,615,605,540,1138,0,0,30
13847,621,613,543,1130,0,0,30
13848,610,605,540,1140,0,0,30
13849,618,616,542,1140,0,0,30
13850,617,613,541,1140,1,0,30
13851,612,616,540,1143,1,0,30
13852,611,614,539,1141,1,0,30
13853,617,611,542,1139,1,0,30
13854,613,606,543,1137,1,0,30
13855,616,611,540,1139,1,0,30
13856,618,612,538,1141,1,0,30
13857,621,611,544,1146,1,0,30
13858,614,611,541,1142,1,0,30
13859,609,594,541,1139,1,0,30
13860,615,610,541,1142,1,0,30
13861,623,610,537,1140,1,0,30
13862,619,611,540,1142,1,0,30
13863,610,616,538,1144,1,0,30
13864,614,603,539,1140,1,0,30
13865,618,605,541,1139,0,0,30
13866,613,613,537,1139,0,0,30
13867,621,615,542,1140,0,0,30
13868,616,612,542,1138,0,0,30
13869,620,610,538,1139,0,0,30
13870,617,622,542,1130,0,0,30
13871,620,612,539,1141,0,0,30
13872,617,604,540,1138,0,0,30
13873,617,613,535,1138,0,0,30
13874,617,606,537,1138,0,0,30
13875,615,615,540,1140,0,0,30
13876,615,613,538,1139,0,0,30
13877,622,610,545,1140,0,0,30
13878,618,615,540,1137,0,0,30
13879,618,614,540,1141,0,0,30
13880,613,613,541,1139,0,0,30
13881,616,612,545,1140,0,0,30
13882,614,609,534,1138,0,0,30
13883,616,600,540,1137,0,0,30
13884,614,614,540,1138,0,0,30
13885,617,607,546,1141,0,0,30
13886,618,614,543,1137,0,0,30
13887,614,609,545,1140,0,0,30
13888,613,611,547,1137,0,0,30
13889,617,610,541,1140,0,0,30
13890,610,613,542,1132,0,0,30
13891,617,613,542,1136,0,0,30
13892,607,611,548,1140,0,0,30
13893,625,612,538,1139,0,0,30
13894,615,613,541,1140,0,0,30
13895,617,615,539,1136,0,0,30
13896,611,614,544,1142,0,0,30
13897,620,612,540,1133,0,0,30
13898,618,612,539,1140,0,0,30
13899,623,615,543,1137,0,0,30
13900,611,617,538,1140,1,0,30
13901,614,611,539,1140,1,0,30
13902,613,614,540,1135,1,0,30
13903,615,610,538,1139,1,0,30
13904,619,609,539,1136,1,0,30
13905,615,595,540,1139,1,0,30
13906,595,612,542,1139,1,0,30
13907,612,608,537,1138,1,0,30
13908,612,614,541,1141,1,0,30
13909,613,613,543,1139,1,0,30
13910,614,617,540,1141,1,0,30
13911,615,610,537,1139,1,0,30
13912,614,614,538,1140,1,0,30
13913,616,605,539,1140,1,0,30
13914,615,606,539,1140,1,0,30
13915,614,606,543,1137,0,0,30
13916,611,618,541,1135,0,0,30
13917,616,619,540,1138,0,0,30
13918,618,613,541,1138,0,0,30
13919,619,609,543,1137,0,0,30
13920,622,611,540,1135,0,0,30
13921,612,607,537,1137,0,0,30
13922,616,611,539,1136,0,0,30
13923,616,612,544,1138,0,0,30
13924,614,614,542,1142,0,0,30
13925,612,607,542,1135,0,0,30
13926,617,608,539,1137,0,0,30
13927,616,610,539,1139,0,0,30
13928,616,612,540,1136,0,0,30
13929,611,610,541,1139,0,0,30
13930,615,606,539,1139,0,0,30
13931,617,612,541,1140,0,0,30
13932,615,613,542,1140,0,0,30
13933,613,605,540,1140,0,0,30
13934,617,614,541,1139,0,0,30
13935,618,606,540,1140,0,0,30
13936,617,612,540,1137,0,0,30
13937,617,608,542,1140,0,0,30
13938,610,609,543,1137,0,0,30
13939,619,612,544,1138,0,0,30
13940,618,609,541,1139,0,0,30
13941,615,607,540,1139,0,0,30
13942,614,616,541,1138,0,0,30
13943,618,605,536,1138,0,0,30
13944,619,617,542,1139,0,0,30
13945,612,604,539,1126,0,0,30
13946,619,616,539,1141,0,0,30
13947,605,616,549,1138,0,0,30
13948,614,614,542,1140,0,0,30
13949,612,608,539,1139,0,0,30
13950,611,610,542,1137,1,0,30
13951,616,612,539,1143,1,0,30
13952,624,613,540,1139,1,0,30
13953,614,607,541,1139,1,0,30
13954,612,613,541,1137,1,0,30
13955,615,617,540,1141,1,0,30
13956,605,613,541,1137,1,0,30
13957,611,612,541,1142,1,0,30
13958,615,619,540,1139,1,0,30
13959,607,610,540,1138,1,0,30
13960,614,608,540,1137,1,0,30
13961,615,605,540,1140,1,0,30
13962,617,611,538,1140,1,0,30
13963,613,613,537,1141,1,0,30
13964,612,608,534,1142,1,0,30
13965,612,607,540,1138,0,0,30
13966,621,608,540,1138,0,0,30
13967,619,621,540,1138,0,0,30
13968,613,610,534,1133,0,0,30
13969,615,608,540,1140,0,0,30
13970,624,613,541,1132,0,0,30
13971,624,610,540,1137,0,0,30
13972,616,614,540,1136,0,0,30
13973,618,612,543,1142,0,0,30
13974,615,611,535,1135,0,0,30
13975,612,612,539,1134,0,0,30
13976,623,611,541,1139,0,0,30
13977,616,613,541,1138,0,0,30
13978,618,611,543,1133,0,0,30
13979,616,616,540,1141,0,0,30
13980,622,610,539,1136,0,0,30
13981,615,612,543,1138,0,0,30
13982,612,607,539,1137,0,0,30
13983,621,610,539,1139,0,0,30
13984,625,609,540,1135,0,0,30
13985,615,611,542,1142,0,0,30
13986,616,616,542,1138,0,0,30
13987,620,612,543,1138,0,0,30
13988,616,613,540,1136,0,0,30
13989,615,612,541,1138,0,0,30
13990,616,614,539,1140,0,0,30
13991,617,618,539,1136,0,0,30
13992,625,610,542,1133,0,0,30
13993,616,612,541,1137,0,0,30
13994,618,609,544,1140,0,0,30
13995,614,609,541,1139,0,0,30
13996,618,608,543,1139,0,0,30
13997,620,612,537,1139,0,0,30
13998,612,615,540,1142,0,0,30
13999,625,612,538,1142,0,0,30
14000,618,609,538,1140,1,0,30
14001,617,614,542,1139,1,0,30
14002,616,604,544,1138,1,0,30
14003,617,610,538,1139,1,0,30
14004,617,608,539,1139,1,0,30
14005,612,611,539,1138,1,0,30
14006,613,609,538,1138,1,0,30
14007,613,611,541,1141,1,0,30
14008,615,599,541,1141,1,0,30
14009,613,609,541,1141,1,0,30
14010,616,599,544,1142,1,0,30
14011,617,613,542,1139,1,0,30
14012,613,609,541,1140,1,0,30
14013,615,610,540,1138,1,0,30
14014,603,612,539,1138,1,0,30
14015,620,608,538,1139,0,0,30
14016,613,611,543,1137,0,0,30
14017,618,610,540,1137,0,0,30
14018,617,611,536,1139,0,0,30
14019,618,611,539,1137,0,0,30
14020,617,612,541,1136,0,0,30
14021,619,613,542,1138,0,0,30
14022,619,608,542,1138,0,0,30
14023,612,614,545,1140,0,0,30
14024,619,609,541,1137,0,0,30
14025,615,608,541,1139,0,0,30
14026,614,605,540,1136,0,0,30
14027,617,610,541,1138,0,0,30
14028,614,613,542,1137,0,0,30
14029,614,602,542,1141,0,0,30
14030,616,622,540,1140,0,0,30
14031,615,613,539,1138,0,0,30
14032,616,613,543,1137,0,0,30
14033,615,606,538,1135,0,0,30
14034,616,611,535,1136,0,0,30
14035,617,612,541,1139,0,0,30
14036,615,607,539,1138,0,0,30
14037,616,614,542,1140,0,0,30
14038,622,611,543,1141,0,0,30
14039,612,616,545,1141,0,0,30
14040,618,611,540,1140,0,0,30
14041,615,612,547,1147,0,0,30
14042,618,612,539,1141,0,0,30
14043,618,609,540,1138,0,0,30
14044,612,613,538,1139,0,0,30
14045,618,615,542,1140,0,0,30
14046,613,623,541,1141,0,0,30
14047,617,618,539,1139,0,0,30
14048,614,612,543,1137,0,0,30
14049,619,614,540,1139,0,0,30
14050,617,610,545,1140,1,0,30
14051,616,610,551,1142,1,0,30
14052,610,609,541,1129,1,0,30
14053,611,599,541,1140,1,0,30
14054,617,615,540,1140,1,0,30
14055,615,614,541,1140,1,0,30
14056,614,608,539,1140,1,0,30
14057,613,619,541,1141,1,0,30
14058,615,611,539,1139,1,0,30
14059,615,609,541,1142,1,0,30
14060,614,611,541,1140,1,0,30
14061,616,602,543,1138,1,0,30
14062,616,612,539,1141,1,0,30
14063,614,610,540,1135,1,0,30
14064,615,615,540,1139,1,0,30
14065,615,615,539,1143,0,0,30
14066,617,608,542,1140,0,0,30
14067,615,610,540,1140,0,0,30
14068,614,614,540,1140,0,0,30
14069,620,624,541,1142,0,0,30
14070,615,608,541,1137,0,0,30
14071,620,603,541,1141,0,0,30
14072,611,615,542,1128,0,0,30
14073,615,618,540,1141,0,0,30
14074,616,611,541,1138,0,0,30
14075,616,615,543,1141,0,0,30
14076,617,617,542,1138,0,0,30
14077,611,609,542,1144,0,0,30
14078,616,613,541,1139,0,0,30
14079,615,618,539,1140,0,0,30
14080,606,614,540,1138,0,0,30
14081,604,612,540,1138,0,0,30
14082,622,614,542,1140,0,0,30
14083,618,611,542,1141,0,0,30
14084,614,608,544,1139,0,0,30
14085,617,617,537,1138,0,0,30
14086,618,613,542,1142,0,0,30
14087,617,612,541,1136,0,0,30
14088,616,612,541,1136,0,0,30
14089,614,612,542,1139,0,0,30
14090,612,612,537,1141,0,0,30
14091,616,614,539,1136,0,0,30
14092,614,597,539,1139,0,0,30
14093,618,610,540,1139,0,0,30
14094,617,612,541,1137,0,0,30
14095,619,610,542,1139,0,0,30
14096,620,611,540,1137,0,0,30
14097,617,613,543,1140,0,0,30
14098,608,614,540,1140,0,0,30
14099,614,603,542,1130,0,0,30
14100,615,615,542,1140,1,0,30
14101,618,604,542,1138,1,0,30
14102,615,611,537,1139,1,0,30
14103,620,610,541,1140,1,0,30
14104,616,608,539,1141,1,0,30
14105,614,612,540,1139,1,0,30
14106,611,611,543,1136,1,0,30
14107,614,616,539,1141,1,0,30
14108,612,612,540,1139,1,0,30
14109,618,611,541,1139,1,0,30
14110,617,604,540,1136,1,0,30
14111,614,603,541,1145,1,0,30
14112,611,599,540,1139,1,0,30
14113,614,607,542,1138,1,0,30
14114,612,611,543,1140,1,0,30
14115,611,618,542,1141,0,0,30
14116,617,622,542,1140,0,0,30
14117,616,607,540,1137,0,0,30
14118,614,606,543,1136,0,0,30
14119,619,613,542,1137,0,0,30
14120,616,610,542,1141,0,0,30
14121,617,610,542,1137,0,0,30
14122,615,608,544,1137,0,0,30
14123,620,614,540,1137,0,0,30
14124,613,611,541,1138,0,0,30
14125,614,612,536,1137,0,0,30
14126,618,608,544,1141,0,0,30
14127,620,610,546,1138,0,0,30
14128,615,613,546,1140,0,0,30
14129,611,613,540,1136,0,0,30
14130,616,610,538,1138,0,0,30
14131,618,602,540,1137,0,0,30
14132,616,610,540,1138,0,0,30
14133,615,617,544,1138,0,0,30
14134,615,612,543,1138,0,0,30
14135,622,611,542,1140,0,0,30
14136,613,612,540,1138,0,0,30
14137,619,611,539,1137,0,0,30
14138,614,610,541,1136,0,0,30
14139,611,606,544,1139,0,0,30
14140,616,612,544,1138,0,0,30
14141,616,611,539,1136,0,0,30
14142,615,618,540,1135,0,0,30
14143,614,609,540,1139,0,0,30
14144,618,606,541,1135,0,0,30
14145,606,613,541,1140,0,0,30
14146,606,609,542,1136,0,0,30
14147,614,614,540,1135,0,0,30
14148,615,615,539,1139,0,0,30
14149,619,613,539,1139,0,0,30
14150,616,613,542,1139,1,0,30
14151,614,609,545,1139,1,0,30
14152,612,619,539,1140,1,0,30
14153,612,613,549,1137,1,0,30
14154,614,614,553,1136,1,0,30
14155,613,610,541,1140,1,0,30
14156,616,615,540,1138,1,0,30
14157,619,609,541,1142,1,0,30
14158,613,607,541,1138,1,0,30
14159,616,609,539,1140,1,0,30
14160,614,611,545,1141,1,0,30
14161,607,622,541,1138,1,0,30
14162,614,612,541,1141,1,0,30
14163,615,612,537,1140,1,0,30
14164,624,608,545,1138,1,0,30
14165,617,614,539,1135,0,0,30
14166,618,612,541,1142,0,0,30
14167,621,612,541,1141,0,0,30
14168,620,610,542,1139,0,0,30
14169,614,608,540,1139,0,0,30
14170,613,619,541,1138,0,0,30
14171,619,612,534,1137,0,0,30
14172,616,616,541,1137,0,0,30
14173,619,614,538,1141,0,0,30
14174,618,612,546,1141,0,0,30
14175,616,608,542,1137,0,0,30
14176,615,611,544,1138,0,0,30
14177,615,609,540,1137,0,0,30
14178,614,614,540,1138,0,0,30
14179,613,610,535,1137,0,0,30
14180,615,605,540,1135,0,0,30
14181,612,615,540,1140,0,0,30
14182,616,605,540,1139,0,0,30
14183,618,611,542,1141,0,0,30
14184,613,614,540,1142,0,0,30
14185,617,607,545,1139,0,0,30
14186,616,615,543,1146,0,0,30
14187,614,610,541,1138,0,0,30
14188,616,612,539,1138,0,0,30
14189,618,613,542,1139,0,0,30
14190,618,614,542,1144,0,0,30
14191,614,611,538,1138,0,0,30
14192,614,609,542,1148,0,0,30
14193,609,630,537,1136,0,0,30
14194,618,611,539,1141,0,0,30
14195,618,609,539,1140,0,0,30
14196,613,612,539,1139,0,0,30
14197,602,611,539,1137,0,0,30
14198,615,610,539,1139,0,0,30
14199,616,613,539,1146,0,0,30
14200,617,613,541,1141,1,0,30
14201,617,610,542,1137,1,0,30
14202,614,610,541,1141,1,0,30
14203,615,613,541,1140,1,0,30
14204,615,611,539,1138,1,0,30
14205,602,615,542,1138,1,0,30
14206,615,606,544,1135,1,0,30
14207,622,610,536,1138,1,0,30
14208,616,606,540,1139,1,0,30
14209,613,609,546,1139,1,0,30
14210,615,612,539,1135,1,0,30
14211,598,608,544,1138,1,0,30
14212,613,612,540,1141,1,0,30
14213,614,613,539,1139,1,0,30
14214,615,612,538,1141,1,0,30
14215,618,613,541,1139,0,0,30
14216,617,608,541,1141,0,0,30
14217,612,610,542,1138,0,0,30
14218,615,607,541,1138,0,0,30
14219,618,607,538,1138,0,0,30
14220,623,614,544,1141,0,0,30
14221,615,612,541,1137,0,0,30
14222,619,606,541,1138,0,0,30
14223,619,613,541,1140,0,0,30
14224,617,611,539,1139,0,0,30
14225,614,611,541,1135,0,0,30
14226,615,612,541,1142,0,0,30
14227,614,612,532,1137,0,0,30
14228,614,610,543,1139,0,0,30
14229,620,626,539,1140,0,0,30
14230,616,611,542,1142,0,0,30
14231,615,610,537,1139,0,0,30
14232,615,605,542,1135,0,0,30
14233,618,615,542,1141,0,0,30
14234,614,613,542,1140,0,0,30
14235,614,612,541,1139,0,0,30
14236,620,598,543,1141,0,0,30
14237,615,618,539,1143,0,0,30
14238,618,611,541,1139,0,0,30
14239,614,617,544,1136,0,0,30
14240,614,626,541,1138,0,0,30
14241,614,611,541,1135,0,0,30
14242,617,621,544,1138,0,0,30
14243,618,619,540,1139,0,0,30
14244,615,599,543,1137,0,0,30
14245,618,616,539,1140,0,0,30
14246,614,609,539,1137,0,0,30
14247,615,615,540,1138,0,0,30
14248,617,610,541,1140,0,0,30
14249,617,625,541,1138,0,0,30
14250,616,613,540,1140,1,0,30
14251,614,612,540,1139,1,0,30
14252,613,603,542,1137,1,0,30
14253,613,608,537,1137,1,0,30
14254,614,610,543,1141,1,0,30
14255,614,603,543,1140,1,0,30
14256,615,610,540,1140,1,0,30
14257,617,614,538,1137,1,0,30
14258,611,612,537,1138,1,0,30
14259,616,611,540,1141,1,0,30
14260,620,611,539,1139,1,0,30
14261,616,613,540,1139,1,0,30
14262,612,610,540,1141,1,0,30
14263,614,610,538,1140,1,0,30
14264,615,615,541,1141,1,0,30
14265,615,613,540,1140,0,0,30
14266,618,618,538,1140,0,0,30
14267,617,609,542,1136,0,0,30
14268,626,616,539,1140,0,0,30
14269,626,608,539,1144,0,0,30
14270,620,622,538,1153,0,0,30
14271,612,615,543,1145,0,0,30
14272,614,612,545,1136,0,0,30
14273,613,616,540,1136,0,0,30
14274,619,615,540,1137,0,0,30
14275,616,600,541,1140,0,0,30
14276,615,618,540,1139,0,0,30
14277,618,609,540,1141,0,0,30
14278,618,613,541,1142,0,0,30
14279,620,620,541,1139,0,0,30
14280,613,610,543,1137,0,0,30
14281,612,610,540,1139,0,0,30
14282,618,614,539,1140,0,0,30
14283,624,612,539,1138,0,0,30
14284,620,610,541,1139,0,0,30
14285,614,606,539,1138,0,0,30
14286,617,613,540,1136,0,0,30
14287,617,615,539,1137,0,0,30
14288,616,611,541,1137,0,0,30
14289,609,612,538,1138,0,0,30
14290,618,610,537,1142,0,0,30
14291,616,614,540,1139,0,0,30
14292,615,612,541,1137,0,0,30
14293,617,606,541,1134,0,0,30
14294,619,612,539,1136,0,0,30
14295,616,630,540,1142,0,0,30
14296,612,611,540,1139,0,0,30
14297,612,616,540,1135,0,0,30
14298,620,607,542,1138,0,0,30
14299,616,608,546,1138,0,0,30
14300,615,613,539,1137,1,0,30
14301,615,613,539,1138,1,0,30
14302,613,609,541,1139,1,0,30
14303,619,611,538,1136,1,0,30
14304,622,609,540,1143,1,0,30
14305,618,613,539,1141,1,0,30
14306,600,612,536,1140,1,0,30
14307,616,608,540,1139,1,0,30
14308,613,593,538,1141,1,0,30
14309,616,608,542,1140,1,0,30
14310,619,609,537,1141,1,0,30
14311,620,612,539,1138,1,0,30
14312,617,613,541,1139,1,0,30
14313,615,612,531,1134,1,0,30
14314,614,608,537,1137,1,0,30
14315,617,610,542,1138,0,0,30
14316,618,612,541,1135,0,0,30
14317,617,611,542,1138,0,0,30
14318,616,611,543,1136,0,0,30
14319,618,615,541,1137,0,0,30
14320,619,618,540,1140,0,0,30
14321,613,604,539,1138,0,0,30
14322,614,616,538,1139,0,0,30
14323,617,617,540,1142,0,0,30
14324,613,616,545,1139,0,0,30
14325,616,594,539,1137,0,0,30
14326,619,613,542,1139,0,0,30
14327,615,620,541,1138,0,0,30
14328,614,612,538,1141,0,0,30
14329,612,609,540,1137,0,0,30
14330,621,617,541,1137,0,0,30
14331,616,612,539,1137,0,0,30
14332,620,613,539,1136,0,0,30
14333,609,610,539,1136,0,0,30
14334,616,612,541,1142,0,0,30
14335,616,610,542,1140,0,0,30
14336,615,613,539,1138,0,0,30
14337,612,608,543,1141,0,0,30
14338,611,611,545,1140,0,0,30
14339,618,611,542,1138,0,0,30
14340,614,609,544,1136,0,0,30
14341,616,610,539,1136,0,0,30
14342,614,613,543,1142,0,0,30
14343,613,619,545,1140,0,0,30
14344,622,613,542,1140,0,0,30
14345,612,608,540,1139,0,0,30
14346,613,612,540,1138,0,0,30
14347,619,615,542,1138,0,0,30
14348,614,615,540,1135,0,0,30
14349,617,612,541,1140,0,0,30
14350,616,612,535,1138,1,0,30
14351,615,607,543,1135,1,0,30
14352,611,604,541,1133,1,0,30
14353,613,611,541,1141,1,0,30
14354,615,616,539,1140,1,0,30
14355,614,607,539,1141,1,0,30
14356,615,610,534,1140,1,0,30
14357,613,613,542,1139,1,0,30
14358,620,612,540,1139,1,0,30
14359,615,615,541,1140,1,0,30
14360,617,613,539,1137,1,0,30
14361,608,613,541,1141,1,0,30
14362,614,611,539,1140,1,0,30
14363,612,615,540,1144,1,0,30
14364,613,609,539,1140,1,0,30
14365,615,610,541,1140,0,0,30
14366,615,620,539,1137,0,0,30
14367,616,611,540,1139,0,0,30
14368,619,614,540,1138,0,0,30
14369,616,615,543,1140,0,0,30
14370,614,607,541,1139,0,0,30
14371,613,611,541,1140,0,0,30
14372,615,614,539,1138,0,0,30
14373,613,613,538,1135,0,0,30
14374,619,616,539,1138,0,0,30
14375,617,615,543,1136,0,0,30
14376,622,612,543,1137,0,0,30
14377,612,612,539,1137,0,0,30
14378,611,616,534,1140,0,0,30
14379,616,607,540,1132,0,0,30
14380,609,611,542,1139,0,0,30
14381,615,609,539,1138,0,0,30
14382,616,615,541,1137,0,0,30
14383,614,614,539,1140,0,0,30
14384,623,611,536,1138,0,0,30
14385,615,614,530,1142,0,0,30
14386,613,608,539,1138,0,0,30
14387,622,614,539,1137,0,0,30
14388,609,612,542,1139,0,0,30
14389,614,607,544,1137,0,0,30
14390,617,609,541,1134,0,0,30
14391,614,607,541,1142,0,0,30
14392,616,620,539,1140,0,0,30
14393,620,614,541,1140,0,0,30
14394,615,611,543,1139,0,0,30
14395,612,611,538,1135,0,0,30
14396,615,615,540,1139,0,0,30
14397,613,612,544,1138,0,0,30
14398,613,609,539,1139,0,0,30
14399,617,611,538,1140,0,0,30
14400,618,610,543,1135,1,0,30
14401,610,613,541,1141,1,0,30
14402,615,611,539,1135,1,0,30
14403,611,606,540,1139,1,0,30
14404,625,595,540,1138,1,0,30
14405,615,610,541,1139,1,0,30
14406,617,606,543,1140,1,0,30
14407,614,598,540,1139,1,0,30
14408,619,615,542,1139,1,0,30
14409,620,611,539,1141,1,0,30
14410,615,586,540,1138,1,0,30
14411,612,612,539,1138,1,0,30
14412,612,605,541,1141,1,0,30
14413,616,612,540,1139,1,0,30
14414,615,613,535,1139,1,0,30
14415,613,610,542,1138,0,0,30
14416,619,614,540,1140,0,0,30
14417,612,609,539,1138,0,0,30
14418,616,625,540,1138,0,0,30
14419,619,611,540,1137,0,0,30
14420,614,614,543,1139,0,0,30
14421,615,613,538,1140,0,0,30
14422,609,610,537,1140,0,0,30
14423,615,611,537,1136,0,0,30
14424,618,613,539,1137,0,0,30
14425,617,613,541,1138,0,0,30
14426,619,612,538,1141,0,0,30
14427,614,612,542,1138,0,0,30
14428,614,611,538,1140,0,0,30
14429,612,606,540,1141,0,0,30
14430,618,613,539,1137,0,0,30
14431,616,605,537,1139,0,0,30
14432,615,618,541,1140,0,0,30
14433,613,610,540,1139,0,0,30
14434,614,612,540,1137,0,0,30
14435,615,610,540,1138,0,0,30
14436,615,615,544,1134,0,0,30
14437,617,615,540,1141,0,0,30
14438,615,613,540,1141,0,0,30
14439,621,602,540,1140,0,0,30
14440,613,614,541,1129,0,0,30
14441,616,607,544,1142,0,0,30
14442,622,602,542,1140,0,0,30
14443,621,618,541,1142,0,0,30
14444,619,601,540,1140,0,0,30
14445,617,613,541,1140,0,0,30
14446,615,610,541,1138,0,0,30
14447,617,611,541,1142,0,0,30
14448,618,607,537,1137,0,0,30
14449,608,612,540,1136,0,0,30
14450,615,614,541,1140,1,0,30
14451,613,615,540,1137,1,0,30
14452,614,605,539,1136,1,0,30
14453,619,617,541,1140,1,0,30
14454,619,603,541,1138,1,0,30
14455,616,614,540,1140,1,0,30
14456,615,612,539,1140,1,0,30
14457,615,611,541,1141,1,0,30
14458,612,614,539,1142,1,0,30
14459,613,614,539,1139,1,0,30
14460,601,610,539,1142,1,0,30
14461,616,607,538,1139,1,0,30
14462,612,610,540,1141,1,0,30
14463,616,612,541,1139,1,0,30
14464,622,613,541,1141,1,0,30
14465,615,611,540,1136,0,0,30
14466,617,618,541,1141,0,0,30
14467,616,614,543,1141,0,0,30
14468,614,612,542,1139,0,0,30
14469,616,609,539,1137,0,0,30
14470,611,611,541,1139,0,0,30
14471,617,612,538,1139,0,0,30
14472,618,610,539,1136,0,0,30
14473,615,608,540,1138,0,0,30
14474,615,610,539,1139,0,0,30
14475,623,613,543,1135,0,0,30
14476,617,610,540,1139,0,0,30
14477,614,610,541,1140,0,0,30
14478,615,604,539,1140,0,0,30
14479,614,615,542,1137,0,0,30
14480,611,606,542,1139,0,0,30
14481,619,610,545,1138,0,0,30
14482,613,608,540,1137,0,0,30
14483,618,607,541,1136,0,0,30
14484,616,617,539,1138,0,0,30
14485,615,613,540,1139,0,0,30
14486,620,611,540,1139,0,0,30
14487,614,610,541,1138,0,0,30
14488,620,610,540,1131,0,0,30
14489,618,609,541,1140,0,0,30
14490,617,613,540,1137,0,0,30
14491,617,612,540,1141,0,0,30
14492,615,610,542,1138,0,0,30
14493,615,610,540,1133,0,0,30
14494,623,615,540,1139,0,0,30
14495,621,613,546,1137,0,0,30
14496,619,619,540,1141,0,0,30
14497,616,610,539,1137,0,0,30
14498,624,609,541,1137,0,0,30
14499,622,605,539,1138,0,0,30
14500,616,608,541,1140,1,0,30
14501,614,610,540,1138,1,0,30
14502,615,616,537,1132,1,0,30
14503,616,607,540,1138,1,0,30
14504,617,609,543,1134,1,0,30
14505,623,610,540,1143,1,0,30
14506,614,604,537,1138,1,0,30
14507,615,617,541,1135,1,0,30
14508,619,612,540,1139,1,0,30
14509,611,611,538,1138,1,0,30
14510,616,615,533,1142,1,0,30
14511,614,608,539,1138,1,0,30
14512,617,613,543,1136,1,0,30
14513,615,608,539,1138,1,0,30
14514,616,615,539,1138,1,0,30
14515,616,612,541,1138,0,0,30
14516,617,610,540,1140,0,0,30
14517,614,607,545,1139,0,0,30
14518,613,615,539,1141,0,0,30
14519,619,613,541,1136,0,0,30
14520,621,613,540,1138,0,0,30
14521,614,613,541,1139,0,0,30
14522,618,611,541,1139,0,0,30
14523,613,610,539,1137,0,0,30
14524,614,612,544,1152,0,0,30
14525,616,613,540,1141,0,0,30
14526,616,612,541,1138,0,0,30
14527,619,611,542,1138,0,0,30
14528,619,614,541,1140,0,0,30
14529,612,612,542,1133,0,0,30
14530,624,612,541,1138,0,0,30
14531,620,619,539,1141,0,0,30
14532,617,613,538,1142,0,0,30
14533,616,612,540,1135,0,0,30
14534,615,614,544,1138,0,0,30
14535,618,622,544,1138,0,0,30
14536,617,610,539,1140,0,0,30
14537,615,603,547,1147,0,0,30
14538,615,612,541,1138,0,0,30
14539,623,611,539,1137,0,0,30
14540,617,609,539,1131,0,0,30
14541,624,614,540,1137,0,0,30
14542,621,611,539,1138,0,0,30
14543,617,610,543,1138,0,0,30
14544,614,615,537,1144,0,0,30
14545,615,612,543,1139,0,0,30
14546,619,612,540,1138,0,0,30
14547,612,612,546,1137,0,0,30
14548,618,616,543,1138,0,0,30
14549,623,611,539,1136,0,0,30
14550,614,613,543,1141,1,0,30
14551,610,611,539,1140,1,0,30
14552,614,616,538,1138,1,0,30
14553,611,613,540,1141,1,0,30
14554,618,614,540,1129,1,0,30
14555,614,611,542,1139,1,0,30
14556,624,609,539,1136,1,0,30
14557,616,610,545,1135,1,0,30
14558,616,608,532,1141,1,0,30
14559,613,604,540,1140,1,0,30
14560,624,610,541,1138,1,0,30
14561,613,610,539,1141,1,0,30
14562,617,601,540,1141,1,0,30
14563,614,615,544,1139,1,0,30
14564,617,606,542,1134,1,0,30
14565,616,610,543,1134,0,0,30
14566,616,615,541,1139,0,0,30
14567,615,613,542,1140,0,0,30
14568,618,609,537,1140,0,0,30
14569,618,610,544,1156,0,0,30
14570,615,606,542,1139,0,0,30
14571,617,613,541,1139,0,0,30
14572,624,613,540,1141,0,0,30
14573,616,611,542,1133,0,0,30
14574,614,609,543,1131,0,0,30
14575,614,614,542,1140,0,0,30
14576,614,612,539,1139,0,0,30
14577,618,613,542,1142,0,0,30
14578,614,613,540,1139,0,0,30
14579,620,616,543,1140,0,0,30
14580,617,612,540,1141,0,0,30
14581,616,611,541,1140,0,0,30
14582,610,609,540,1132,0,0,30
14583,608,614,541,1138,0,0,30
14584,614,609,541,1140,0,0,30
14585,618,611,539,1141,0,0,30
14586,617,620,541,1139,0,0,30
14587,616,615,540,1139,0,0,30
14588,622,608,540,1141,0,0,30
14589,619,610,541,1139,0,0,30
14590,607,614,540,1143,0,0,30
14591,621,611,531,1139,0,0,30
14592,612,620,540,1137,0,0,30
14593,617,609,541,1138,0,0,30
14594,620,629,543,1139,0,0,30
14595,614,606,541,1138,0,0,30
14596,615,616,542,1140,0,0,30
14597,617,609,541,1136,0,0,30
14598,618,601,540,1142,0,0,30
14599,611,613,539,1143,0,0,30
14600,611,606,541,1137,1,0,30
14601,616,611,540,1139,1,0,30
14602,617,613,543,1138,1,0,30
14603,616,615,550,1138,1,0,30
14604,615,610,540,1135,1,0,30
14605,621,610,541,1138,1,0,30
14606,617,611,540,1137,1,0,30
14607,615,599,537,1138,1,0,30
14608,612,607,539,1139,1,0,30
14609,616,610,540,1142,1,0,30
14610,613,612,537,1139,1,0,30
14611,624,613,540,1139,1,0,30
14612,616,611,538,1142,1,0,30
14613,615,610,540,1138,1,0,30
14614,624,611,539,1136,1,0,30
14615,614,613,542,1141,0,0,30
14616,615,608,543,1140,0,0,30
14617,615,604,540,1141,0,0,30
14618,620,613,542,1140,0,0,30
14619,616,612,539,1141,0,0,30
14620,618,617,539,1139,0,0,30
14621,621,607,540,1135,0,0,30
14622,616,614,539,1138,0,0,30
14623,610,608,540,1139,0,0,30
14624,614,607,542,1138,0,0,30
14625,618,609,543,1139,0,0,30
14626,616,611,538,1138,0,0,30
14627,618,623,540,1137,0,0,30
14628,616,611,537,1139,0,0,30
14629,618,625,540,1137,0,0,30
14630,616,612,540,1139,0,0,30
14631,617,613,538,1139,0,0,30
14632,615,611,540,1140,0,0,30
14633,616,618,541,1141,0,0,30
14634,619,609,538,1133,0,0,30
14635,616,599,544,1138,0,0,30
14636,619,611,536,1132,0,0,30
14637,617,617,533,1144,0,0,30
14638,618,610,538,1140,0,0,30
14639,617,614,541,1140,0,0,30
14640,603,608,539,1137,0,0,30
14641,615,607,540,1138,0,0,30
14642,616,609,539,1139,0,0,30
14643,617,613,541,1136,0,0,30
14644,619,613,541,1136,0,0,30
14645,621,614,552,1140,0,0,30
14646,618,607,540,1137,0,0,30
14647,616,610,540,1136,0,0,30
14648,618,610,536,1138,0,0,30
14649,616,607,539,1141,0,0,30
14650,616,611,541,1138,1,0,30
14651,615,608,537,1140,1,0,30
14652,613,615,541,1140,1,0,30
14653,620,615,541,1141,1,0,30
14654,615,608,541,1140,1,0,30
14655,616,611,546,1137,1,0,30
14656,615,609,541,1137,1,0,30
14657,626,609,540,1140,1,0,30
14658,612,612,540,1139,1,0,30
14659,621,612,542,1142,1,0,30
14660,613,598,540,1138,1,0,30
14661,619,612,540,1149,1,0,30
14662,613,610,537,1138,1,0,30
14663,614,615,539,1146,1,0,30
14664,614,611,543,1141,1,0,30
14665,616,610,539,1140,0,0,30
14666,615,616,539,1136,0,0,30
14667,619,612,540,1138,0,0,30
14668,617,616,541,1138,0,0,30
14669,616,606,537,1132,0,0,30
14670,614,610,540,1140,0,0,30
14671,615,612,539,1138,0,0,30
14672,618,610,540,1140,0,0,30
14673,616,610,538,1141,0,0,30
14674,612,615,539,1137,0,0,30
14675,614,608,541,1139,0,0,30
14676,621,608,540,1141,0,0,30
14677,616,620,540,1140,0,0,30
14678,626,613,539,1139,0,0,30
14679,618,620,541,1140,0,0,30
14680,621,607,538,1135,0,0,30
14681,619,610,539,1139,0,0,30
14682,614,608,540,1138,0,0,30
14683,614,618,540,1138,0,0,30
14684,615,613,538,1140,0,0,30
14685,613,603,534,1139,0,0,30
14686,612,610,539,1140,0,0,30
14687,615,612,542,1140,0,0,30
14688,623,603,539,1139,0,0,30
14689,619,610,541,1138,0,0,30
14690,612,602,541,1139,0,0,30
14691,616,619,544,1138,0,0,30
14692,610,609,541,1140,0,0,30
14693,614,606,541,1139,0,0,30
14694,618,610,538,1140,0,0,30
14695,612,627,538,1139,0,0,30
14696,613,610,540,1138,0,0,30
14697,615,612,540,1140,0,0,30
14698,618,617,542,1137,0,0,30
14699,614,610,540,1140,0,0,30
14700,614,611,538,1140,1,0,30
14701,616,610,540,1138,1,0,30
14702,619,611,540,1139,1,0,30
14703,616,606,538,1147,1,0,30
14704,620,621,539,1139,1,0,30
14705,619,612,540,1138,1,0,30
14706,613,609,531,1138,1,0,30
14707,611,608,539,1141,1,0,30
14708,614,609,539,1137,1,0,30
14709,619,612,539,1141,1,0,30
14710,618,609,544,1141,1,0,30
14711,614,605,541,1138,1,0,30
14712,618,616,542,1140,1,0,30
14713,622,613,539,1138,1,0,30
14714,611,613,539,1139,1,0,30
14715,612,616,539,1138,0,0,30
14716,615,617,542,1137,0,0,30
14717,616,609,538,1141,0,0,30
14718,618,613,538,1139,0,0,30
14719,616,617,542,1139,0,0,30
14720,617,600,540,1136,0,0,30
14721,617,610,533,1141,0,0,30
14722,619,611,542,1143,0,0,30
14723,617,610,542,1140,0,0,30
14724,609,604,539,1136,0,0,30
14725,616,608,539,1138,0,0,30
14726,614,612,539,1138,0,0,30
14727,620,606,541,1138,0,0,30
14728,623,612,538,1137,0,0,30
14729,616,607,540,1142,0,0,30
14730,622,610,542,1139,0,0,30
14731,610,616,537,1137,0,0,30
14732,614,615,537,1139,0,0,30
14733,620,612,540,1138,0,0,30
14734,615,612,540,1139,0,0,30
14735,619,613,543,1141,0,0,30
14736,618,615,539,1140,0,0,30
14737,618,613,541,1138,0,0,30
14738,617,612,541,1140,0,0,30
14739,612,610,539,1141,0,0,30
14740,618,612,542,1137,0,0,30
14741,616,612,541,1139,0,0,30
14742,618,617,541,1141,0,0,30
14743,617,612,539,1138,0,0,30
14744,615,614,538,1140,0,0,30
14745,612,611,539,1134,0,0,30
14746,619,611,540,1139,0,0,30
14747,619,609,539,1136,0,0,30
14748,614,619,539,1139,0,0,30
14749,616,610,542,1137,0,0,30
14750,616,611,540,1138,1,0,30
14751,612,615,542,1140,1,0,30
14752,614,612,542,1139,1,0,30
14753,613,611,539,1140,1,0,30
14754,614,606,535,1138,1,0,30
14755,616,607,539,1139,1,0,30
14756,612,615,539,1140,1,0,30
14757,622,604,541,1143,1,0,30
14758,613,610,536,1139,1,0,30
14759,617,606,530,1134,1,0,30
14760,609,606,541,1139,1,0,30
14761,612,608,541,1141,1,0,30
14762,619,613,539,1141,1,0,30
14763,613,609,539,1140,1,0,30
14764,611,610,540,1145,1,0,30
14765,618,607,540,1137,0,0,30
14766,611,613,540,1141,0,0,30
14767,614,613,539,1135,0,0,30
14768,614,602,542,1138,0,0,30
14769,616,610,541,1138,0,0,30
14770,615,611,540,1139,0,0,30
14771,617,610,539,1141,0,0,30
14772,620,613,538,1140,0,0,30
14773,614,610,542,1141,0,0,30
14774,622,610,538,1138,0,0,30
14775,613,616,538,1140,0,0,30
14776,629,614,540,1140,0,0,30
14777,618,613,541,1138,0,0,30
14778,619,612,540,1139,0,0,30
14779,615,611,539,1144,0,0,30
14780,616,613,542,1139,0,0,30
14781,617,615,542,1137,0,0,30
14782,616,619,541,1140,0,0,30
14783,615,612,537,1140,0,0,30
14784,608,609,535,1140,0,0,30
14785,615,615,538,1137,0,0,30
14786,615,617,539,1138,0,0,30
14787,617,614,542,1141,0,0,30
14788,614,612,540,1139,0,0,30
14789,614,613,541,1132,0,0,30
14790,617,610,538,1138,0,0,30
14791,610,612,540,1139,0,0,30
14792,614,612,542,1141,0,0,30
14793,618,609,539,1139,0,0,30
14794,615,608,540,1139,0,0,30
14795,616,610,541,1140,0,0,30
14796,614,616,541,1138,0,0,30
14797,612,614,539,1140,0,0,30
14798,614,611,540,1144,0,0,30
14799,618,621,540,1140,0,0,30
14800,609,615,539,1140,1,0,30
14801,609,615,539,1149,1,0,30
14802,614,608,543,1140,1,0,30
14803,615,611,540,1139,1,0,30
14804,606,614,539,1139,1,0,30
14805,623,608,540,1135,1,0,30
14806,605,612,538,1141,1,0,30
14807,611,608,541,1138,1,0,30
14808,612,610,543,1137,1,0,30
14809,617,604,541,1139,1,0,30
14810,615,605,540,1140,1,0,30
14811,619,611,538,1135,1,0,30
14812,610,611,539,1140,1,0,30
14813,614,608,537,1142,1,0,30
14814,620,604,539,1140,1,0,30
14815,614,614,538,1140,0,0,30
14816,616,612,537,1139,0,0,30
14817,616,613,540,1138,0,0,30
14818,615,597,544,1138,0,0,30
14819,616,605,540,1140,0,0,30
14820,613,609,541,1138,0,0,30
14821,620,607,541,1138,0,0,30
14822,611,611,538,1138,0,0,30
14823,614,617,541,1138,0,0,30
14824,618,613,545,1137,0,0,30
14825,616,599,534,1139,0,0,30
14826,610,613,542,1139,0,0,30
14827,612,613,544,1139,0,0,30
14828,613,608,543,1139,0,0,30
14829,609,613,540,1138,0,0,30
14830,614,615,538,1141,0,0,30
14831,617,611,536,1137,0,0,30
14832,611,610,540,1138,0,0,30
14833,615,599,538,1138,0,0,30
14834,615,612,541,1138,0,0,30
14835,616,611,540,1141,0,0,30
14836,615,615,542,1138,0,0,30
14837,607,610,535,1136,0,0,30
14838,613,613,540,1131,0,0,30
14839,613,614,539,1136,0,0,30
14840,613,613,544,1136,0,0,30
14841,616,604,540,1142,0,0,30
14842,618,614,540,1130,0,0,30
14843,620,616,547,1141,0,0,30
14844,620,611,542,1139,0,0,30
14845,615,607,542,1140,0,0,30
14846,612,608,541,1137,0,0,30
14847,613,586,541,1137,0,0,30
14848,615,609,537,1140,0,0,30
14849,615,611,538,1139,0,0,30
14850,618,612,540,1140,1,0,30
14851,622,612,538,1140,1,0,30
14852,616,607,541,1138,1,0,30
14853,614,614,543,1138,1,0,30
14854,616,613,541,1138,1,0,30
14855,612,622,536,1139,1,0,30
14856,623,611,537,1137,1,0,30
14857,615,608,541,1139,1,0,30
14858,614,620,540,1143,1,0,30
14859,619,611,539,1138,1,0,30
14860,617,608,538,1142,1,0,30
14861,616,612,541,1139,1,0,30
14862,620,613,541,1138,1,0,30
14863,613,619,541,1138,1,0,30
14864,615,614,539,1139,1,0,30
14865,614,608,539,1139,0,0,30
14866,614,609,542,1139,0,0,30
14867,616,608,540,1137,0,0,30
14868,618,615,538,1139,0,0,30
14869,612,613,542,1135,0,0,30
14870,613,610,541,1139,0,0,30
14871,614,612,533,1140,0,0,30
14872,611,609,543,1142,0,0,30
14873,617,616,540,1137,0,0,30
14874,613,614,540,1136,0,0,30
14875,619,618,539,1140,0,0,30
14876,615,613,538,1136,0,0,30
14877,615,618,539,1133,0,0,30
14878,619,609,540,1139,0,0,30
14879,617,608,539,1139,0,0,30
14880,614,609,539,1140,0,0,30
14881,614,610,540,1141,0,0,30
14882,615,610,541,1136,0,0,30
14883,623,613,540,1137,0,0,30
14884,615,613,536,1138,0,0,30
14885,615,609,539,1137,0,0,30
14886,623,611,538,1139,0,0,30
14887,617,611,540,1141,0,0,30
14888,617,611,541,1132,0,0,30
14889,613,607,545,1134,0,0,30
14890,614,613,541,1134,0,0,30
14891,611,612,544,1138,0,0,30
14892,615,613,537,1139,0,0,30
14893,615,607,540,1139,0,0,30
14894,617,614,539,1142,0,0,30
14895,619,609,538,1139,0,0,30
14896,612,605,540,1130,0,0,30
14897,614,605,540,1140,0,0,30
14898,610,609,542,1140,0,0,30
14899,628,607,540,1139,0,0,30
14900,617,613,542,1139,1,0,30
14901,614,613,539,1141,1,0,30
14902,617,611,542,1138,1,0,30
14903,611,612,540,1139,1,0,30
14904,614,625,540,1138,1,0,30
14905,615,612,540,1137,1,0,30
14906,620,612,541,1139,1,0,30
14907,618,611,539,1141,1,0,30
14908,615,610,539,1142,1,0,30
14909,621,610,540,1130,1,0,30
14910,616,612,539,1139,1,0,30
14911,615,613,542,1140,1,0,30
14912,613,615,539,1141,1,0,30
14913,615,608,541,1139,1,0,30
14914,620,611,539,1141,1,0,30
14915,612,610,540,1134,0,0,30
14916,615,612,541,1140,0,0,30
14917,617,621,540,1141,0,0,30
14918,617,611,541,1134,0,0,30
14919,613,609,542,1139,0,0,30
14920,609,610,538,1138,0,0,30
14921,615,612,540,1136,0,0,30
14922,614,615,538,1142,0,0,30
14923,617,611,541,1137,0,0,30
14924,607,615,541,1140,0,0,30
14925,618,610,538,1136,0,0,30
14926,616,620,543,1143,0,0,30
14927,606,606,539,1139,0,0,30
14928,614,613,538,1138,0,0,30
14929,615,612,539,1138,0,0,30
14930,616,608,537,1140,0,0,30
14931,614,615,541,1137,0,0,30
14932,616,615,541,1138,0,0,30
14933,615,610,541,1138,0,0,30
14934,612,611,540,1141,0,0,30
14935,617,610,541,1138,0,0,30
14936,614,610,542,1140,0,0,30
14937,617,613,536,1138,0,0,30
14938,613,615,543,1138,0,0,30
14939,615,610,533,1134,0,0,30
14940,617,610,540,1137,0,0,30
14941,618,610,540,1139,0,0,30
14942,613,616,540,1138,0,0,30
14943,616,609,540,1137,0,0,30
14944,617,611,541,1139,0,0,30
14945,613,603,540,1138,0,0,30
14946,613,617,540,1140,0,0,30
14947,612,613,541,1138,0,0,30
14948,619,612,541,1138,0,0,30
14949,620,611,540,1141,0,0,30
14950,617,608,540,1141,1,0,30
14951,614,613,541,1138,1,0,30
14952,626,613,543,1141,1,0,30
14953,611,614,537,1138,1,0,30
14954,609,607,541,1141,1,0,30
14955,611,610,542,1139,1,0,30
14956,614,608,536,1139,1,0,30
14957,615,611,539,1146,1,0,30
14958,619,611,548,1143,1,0,30
14959,612,610,540,1138,1,0,30
14960,617,618,540,1141,1,0,30
14961,612,608,541,1138,1,0,30
14962,609,611,537,1138,1,0,30
14963,614,610,541,1137,1,0,30
14964,609,611,550,1139,1,0,30
14965,613,610,551,1138,0,0,30
14966,619,616,540,1141,0,0,30
14967,616,612,540,1136,0,0,30
14968,611,609,538,1140,0,0,30
14969,617,613,540,1137,0,0,30
14970,613,611,541,1139,0,0,30
14971,617,614,544,1133,0,0,30
14972,612,613,542,1139,0,0,30
14973,614,609,538,1140,0,0,30
14974,617,612,541,1140,0,0,30
14975,620,611,539,1144,0,0,30
14976,615,614,543,1141,0,0,30
14977,614,616,540,1139,0,0,30
14978,615,613,546,1139,0,0,30
14979,611,610,541,1137,0,0,30
14980,615,614,540,1134,0,0,30
14981,618,614,540,1137,0,0,30
14982,620,616,535,1142,0,0,30
14983,617,612,538,1130,0,0,30
14984,616,613,544,1138,0,0,30
14985,622,607,538,1138,0,0,30
14986,615,611,542,1140,0,0,30
14987,618,608,540,1140,0,0,30
14988,610,623,541,1137,0,0,30
14989,619,619,540,1138,0,0,30
14990,618,611,540,1141,0,0,30
14991,618,614,540,1138,0,0,30
14992,615,609,542,1137,0,0,30
14993,621,613,541,1138,0,0,30
14994,616,603,542,1134,0,0,30
14995,617,608,538,1138,0,0,30
14996,611,615,543,1138,0,0,30
14997,616,622,540,1137,0,0,30
14998,615,611,540,1143,0,0,30
14999,614,623,540,1141,0,0,30
15000,617,613,541,1145,1,0,30
15001,616,612,540,1141,1,0,30
15002,621,614,539,1138,1,0,30
15003,622,611,542,1134,1,0,30
15004,613,619,543,1138,1,0,30
15005,612,610,540,1139,1,0,30
15006,617,609,541,1134,1,0,30
15007,615,612,540,1136,1,0,30
15008,623,613,538,1137,1,0,30
15009,615,613,535,1136,1,0,30
15010,613,630,537,1140,1,0,30
15011,611,610,539,1139,1,0,30
15012,611,608,538,1138,1,0,30
15013,610,612,543,1140,1,0,30
15014,615,612,541,1138,1,0,30
15015,616,612,540,1146,0,0,30
15016,611,614,539,1148,0,0,30
15017,618,611,539,1139,0,0,30
15018,611,612,546,1137,0,0,30
15019,616,607,539,1138,0,0,30
15020,612,615,539,1140,0,0,30
15021,616,599,541,1137,0,0,30
15022,623,609,541,1136,0,0,30
15023,614,611,539,1137,0,0,30
15024,615,616,537,1139,0,0,30
15025,618,610,541,1137,0,0,30
15026,622,609,540,1143,0,0,30
15027,611,610,544,1138,0,0,30
15028,614,615,538,1141,0,0,30
15029,618,612,542,1143,0,0,30
15030,616,609,539,1133,0,0,30
15031,618,602,540,1140,0,0,30
15032,624,615,538,1139,0,0,30
15033,619,608,539,1139,0,0,30
15034,617,613,539,1136,0,0,30
15035,616,612,539,1139,0,0,30
15036,616,618,539,1138,0,0,30
15037,613,611,541,1139,0,0,30
15038,618,614,539,1140,0,0,30
15039,616,610,539,1141,0,0,30
15040,615,612,538,1139,0,0,30
15041,618,610,539,1139,0,0,30
15042,616,614,540,1138,0,0,30
15043,609,613,541,1138,0,0,30
15044,615,610,539,1137,0,0,30
15045,614,613,543,1139,0,0,30
15046,616,609,542,1138,0,0,30
15047,627,612,541,1137,0,0,30
15048,617,614,542,1142,0,0,30
15049,622,610,539,1140,0,0,30
15050,609,611,542,1137,1,0,30
15051,615,612,538,1141,1,0,30
15052,606,615,542,1138,1,0,30
15053,616,608,540,1140,1,0,30
15054,612,610,539,1137,1,0,30
15055,615,608,544,1140,1,0,30
15056,616,611,540,1132,1,0,30
15057,619,607,540,1140,1,0,30
15058,615,608,540,1139,1,0,30
15059,613,618,540,1140,1,0,30
15060,613,614,539,1140,1,0,30
15061,614,616,541,1137,1,0,30
15062,622,612,538,1140,1,0,30
15063,614,615,539,1140,1,0,30
15064,615,611,540,1136,1,0,30
15065,621,617,541,1141,0,0,30
15066,618,612,548,1135,0,0,30
15067,613,611,541,1138,0,0,30
15068,615,609,540,1137,0,0,30
15069,615,606,532,1140,0,0,30
15070,613,610,536,1142,0,0,30
15071,612,617,538,1137,0,0,30
15072,615,622,544,1138,0,0,30
15073,612,614,541,1135,0,0,30
15074,617,611,542,1135,0,0,30
15075,614,601,539,1138,0,0,30
15076,617,610,538,1140,0,0,30
15077,615,607,543,1139,0,0,30
15078,615,599,542,1140,0,0,30
15079,617,616,543,1134,0,0,30
15080,617,614,542,1135,0,0,30
15081,617,617,539,1141,0,0,30
15082,619,613,545,1139,0,0,30
15083,619,610,542,1139,0,0,30
15084,621,606,540,1142,0,0,30
15085,617,607,539,1140,0,0,30
15086,617,607,541,1138,0,0,30
15087,617,609,533,1141,0,0,30
15088,617,610,541,1141,0,0,30
15089,624,616,539,1137,0,0,30
15090,619,612,539,1139,0,0,30
15091,613,611,540,1139,0,0,30
15092,614,606,539,1139,0,0,30
15093,617,611,541,1138,0,0,30
15094,619,612,540,1140,0,0,30
15095,618,612,540,1141,0,0,30
15096,619,612,541,1136,0,0,30
15097,615,608,537,1141,0,0,30
15098,619,613,541,1138,0,0,30
15099,616,612,539,1139,0,0,30
15100,620,607,540,1138,1,0,30
15101,616,613,539,1138,1,0,30
15102,618,610,540,1136,1,0,30
15103,604,611,542,1141,1,0,30
15104,615,614,542,1139,1,0,30
15105,608,609,547,1141,1,0,30
15106,614,611,545,1141,1,0,30
15107,614,612,542,1141,1,0,30
15108,616,612,542,1141,1,0,30
15109,614,604,540,1139,1,0,30
15110,613,595,537,1139,1,0,30
15111,625,610,538,1143,1,0,30
15112,617,610,538,1139,1,0,30
15113,615,612,539,1140,1,0,30
15114,616,619,541,1139,1,0,30
15115,616,605,541,1137,0,0,30
15116,611,612,538,1142,0,0,30
15117,615,609,542,1140,0,0,30
15118,610,610,541,1137,0,0,30
15119,614,604,542,1140,0,0,30
15120,621,614,538,1139,0,0,30
15121,614,614,539,1140,0,0,30
15122,614,611,541,1140,0,0,30
15123,616,609,539,1140,0,0,30
15124,612,609,543,1138,0,0,30
15125,614,613,539,1140,0,0,30
15126,611,612,540,1144,0,0,30
15127,613,608,541,1138,0,0,30
15128,618,608,541,1138,0,0,30
15129,618,617,541,1139,0,0,30
15130,610,612,538,1139,0,0,30
15131,617,613,538,1138,0,0,30
15132,615,614,537,1142,0,0,30
15133,612,611,540,1140,0,0,30
15134,613,612,541,1138,0,0,30
15135,616,611,542,1139,0,0,30
15136,616,614,542,1139,0,0,30
15137,614,611,541,1139,0,0,30
15138,619,617,540,1137,0,0,30
15139,607,612,541,1143,0,0,30
15140,613,611,540,1134,0,0,30
15141,619,619,540,1139,0,0,30
15142,615,611,540,1142,0,0,30
15143,617,612,544,1137,0,0,30
15144,615,609,538,1137,0,0,30
15145,612,614,540,1138,0,0,30
15146,613,620,541,1140,0,0,30
15147,616,610,544,1141,0,0,30
15148,617,612,544,1136,0,0,30
15149,614,621,538,1138,0,0,30
15150,614,603,544,1140,1,0,30
15151,615,616,537,1143,1,0,30
15152,614,612,541,1138,1,0,30
15153,619,608,539,1147,1,0,30
15154,615,608,540,1140,1,0,30
15155,613,613,538,1144,1,0,30
15156,616,612,543,1141,1,0,30
15157,627,613,538,1134,1,0,30
15158,613,613,537,1141,1,0,30
15159,615,598,539,1141,1,0,30
15160,616,608,541,1138,1,0,30
15161,613,609,538,1139,1,0,30
15162,613,609,537,1138,1,0,30
15163,616,613,540,1137,1,0,30
15164,610,612,540,1139,1,0,30
15165,617,612,543,1137,0,0,30
15166,618,611,538,1136,0,0,30
15167,621,605,539,1138,0,0,30
15168,615,611,541,1134,0,0,30
15169,614,612,541,1138,0,0,30
15170,621,617,539,1137,0,0,30
15171,616,608,541,1137,0,0,30
15172,616,607,544,1136,0,0,30
15173,616,610,539,1134,0,0,30
15174,617,612,531,1136,0,0,30
15175,609,610,542,1142,0,0,30
15176,616,607,538,1136,0,0,30
15177,620,618,539,1139,0,0,30
15178,617,608,539,1133,0,0,30
15179,612,609,537,1139,0,0,30
15180,616,610,542,1138,0,0,30
15181,616,614,542,1141,0,0,30
15182,613,609,542,1137,0,0,30
15183,613,614,538,1139,0,0,30
15184,614,614,539,1134,0,0,30
15185,614,607,542,1139,0,0,30
15186,616,606,537,1141,0,0,30
15187,614,614,539,1139,0,0,30
15188,618,606,540,1138,0,0,30
15189,615,607,540,1143,0,0,30
15190,618,614,537,1139,0,0,30
15191,611,609,541,1139,0,0,30
15192,617,608,544,1140,0,0,30
15193,616,611,544,1140,0,0,30
15194,617,618,541,1139,0,0,30
15195,619,611,541,1137,0,0,30
15196,618,612,542,1136,0,0,30
15197,618,615,541,1137,0,0,30
15198,616,611,546,1142,0,0,30
15199,608,627,540,1142,0,0,30
15200,618,610,542,1143,1,0,30
15201,621,607,540,1136,1,0,30
15202,615,607,539,1138,1,0,30
15203,612,611,539,1138,1,0,30
15204,615,602,540,1141,1,0,30
15205,618,608,540,1139,1,0,30
15206,613,605,529,1139,1,0,30
15207,623,612,539,1138,1,0,30
15208,616,612,537,1140,1,0,30
15209,612,619,541,1140,1,0,30
15210,615,604,541,1136,1,0,30
15211,613,608,539,1139,1,0,30
15212,617,606,539,1141,1,0,30
15213,606,611,539,1136,1,0,30
15214,615,614,540,1140,1,0,30
15215,615,614,537,1140,0,0,30
15216,613,611,540,1136,0,0,30
15217,616,609,537,1136,0,0,30
15218,615,613,541,1137,0,0,30
15219,617,603,541,1141,0,0,30
15220,601,608,542,1138,0,0,30
15221,618,611,539,1138,0,0,30
15222,620,602,541,1139,0,0,30
15223,619,611,542,1140,0,0,30
15224,615,609,536,1140,0,0,30
15225,617,608,538,1138,0,0,30
15226,618,612,534,1136,0,0,30
15227,612,615,545,1137,0,0,30
15228,615,611,540,1136,0,0,30
15229,624,611,539,1139,0,0,30
15230,619,607,542,1137,0,0,30
15231,615,611,540,1138,0,0,30
15232,610,617,539,1140,0,0,30
15233,615,615,540,1136,0,0,30
15234,614,608,540,1138,0,0,30
15235,617,609,539,1138,0,0,30
15236,617,612,539,1138,0,0,30
15237,615,612,542,1135,0,0,30
15238,617,597,541,1144,0,0,30
15239,609,609,539,1136,0,0,30
15240,615,609,539,1139,0,0,30
15241,613,605,538,1136,0,0,30
15242,617,615,540,1138,0,0,30
15243,616,611,540,1139,0,0,30
15244,613,614,538,1136,0,0,30
15245,615,603,540,1140,0,0,30
15246,618,607,540,1138,0,0,30
15247,618,606,539,1139,0,0,30
15248,611,616,540,1137,0,0,30
15249,617,610,541,1141,0,0,30
15250,615,609,540,1135,1,0,30
15251,613,596,540,1140,1,0,30
15252,614,611,539,1136,1,0,30
15253,618,611,539,1129,1,0,30
15254,616,618,539,1139,1,0,30
15255,610,608,539,1131,1,0,30
15256,616,607,538,1138,1,0,30
15257,617,623,538,1137,1,0,30
15258,604,609,541,1138,1,0,30
15259,619,607,539,1142,1,0,30
15260,613,609,537,1138,1,0,30
15261,617,613,540,1146,1,0,30
15262,617,612,541,1140,1,0,30
15263,611,608,541,1128,1,0,30
15264,624,615,538,1141,1,0,30
15265,615,611,538,1139,0,0,30
15266,602,612,540,1138,0,0,30
15267,615,609,538,1142,0,0,30
15268,612,620,537,1129,0,0,30
15269,614,609,538,1139,0,0,30
15270,617,616,541,1139,0,0,30
15271,614,608,540,1140,0,0,30
15272,615,615,543,1139,0,0,30
15273,615,611,539,1131,0,0,30
15274,605,611,537,1139,0,0,30
15275,617,613,540,1140,0,0,30
15276,628,613,538,1137,0,0,30
15277,621,611,543,1138,0,0,30
15278,616,617,538,1142,0,0,30
15279,614,609,542,1139,0,0,30
15280,622,610,539,1137,0,0,30
15281,616,615,539,1138,0,0,30
15282,619,611,541,1139,0,0,30
15283,614,610,540,1140,0,0,30
15284,615,610,540,1140,0,0,30
15285,616,613,541,1139,0,0,30
15286,615,608,540,1141,0,0,30
15287,614,619,540,1139,0,0,30
15288,621,611,540,1140,0,0,30
15289,618,612,539,1138,0,0,30
15290,619,615,540,1139,0,0,30
15291,616,610,541,1138,0,0,30
15292,617,621,540,1141,0,0,30
15293,616,613,541,1140,0,0,30
15294,616,605,539,1136,0,0,30
15295,618,612,539,1140,0,0,30
15296,620,610,542,1140,0,0,30
15297,616,612,541,1140,0,0,30
15298,616,610,540,1142,0,0,30
15299,616,611,538,1136,0,0,30
15300,609,609,541,1138,1,0,30
15301,615,614,541,1139,1,0,30
15302,616,612,539,1140,1,0,30
15303,617,612,542,1143,1,0,30
15304,615,609,539,1141,1,0,30
15305,615,609,541,1140,1,0,30
15306,616,611,538,1139,1,0,30
15307,621,612,541,1140,1,0,30
15308,612,607,541,1139,1,0,30
15309,616,617,541,1141,1,0,30
15310,616,610,540,1140,1,0,30
15311,615,612,540,1141,1,0,30
15312,615,608,539,1132,1,0,30
15313,617,617,533,1140,1,0,30
15314,614,608,538,1140,1,0,30
15315,619,615,542,1137,0,0,30
15316,614,612,539,1137,0,0,30
15317,611,610,539,1140,0,0,30
15318,614,609,542,1139,0,0,30
15319,616,601,541,1141,0,0,30
15320,627,610,539,1141,0,0,30
15321,615,609,541,1139,0,0,30
15322,608,619,540,1136,0,0,30
15323,613,609,541,1139,0,0,30
15324,611,611,541,1142,0,0,30
15325,612,613,546,1138,0,0,30
15326,622,613,540,1140,0,0,30
15327,616,618,542,1139,0,0,30
15328,619,613,540,1141,0,0,30
15329,623,599,539,1140,0,0,30
15330,614,614,537,1137,0,0,30
15331,622,601,541,1138,0,0,30
15332,612,609,538,1138,0,0,30
15333,614,614,534,1139,0,0,30
15334,610,607,540,1133,0,0,30
15335,615,607,539,1138,0,0,30
15336,616,612,531,1137,0,0,30
15337,617,621,542,1136,0,0,30
15338,611,608,541,1140,0,0,30
15339,610,612,542,1140,0,0,30
15340,611,614,544,1139,0,0,30
15341,621,610,541,1136,0,0,30
15342,608,611,539,1143,0,0,30
15343,620,611,541,1139,0,0,30
15344,617,602,541,1135,0,0,30
15345,621,609,541,1136,0,0,30
15346,616,607,541,1139,0,0,30
15347,622,609,537,1137,0,0,30
15348,619,615,541,1140,0,0,30
15349,618,616,552,1137,0,0,30
15350,614,610,535,1139,1,0,30
15351,611,612,540,1138,1,0,30
15352,615,613,539,1136,1,0,30
15353,615,614,541,1139,1,0,30
15354,619,607,539,1138,1,0,30
15355,618,618,539,1139,1,0,30
15356,614,612,539,1136,1,0,30
15357,615,614,541,1138,1,0,30
15358,609,607,539,1141,1,0,30
15359,614,612,540,1137,1,0,30
15360,611,610,540,1140,1,0,30
15361,614,614,540,1141,1,0,30
15362,622,611,541,1135,1,0,30
15363,618,620,538,1138,1,0,30
15364,614,614,539,1135,1,0,30
15365,619,610,539,1141,0,0,30
15366,616,608,541,1139,0,0,30
15367,618,609,541,1131,0,0,30
15368,612,612,542,1140,0,0,30
15369,613,614,539,1134,0,0,30
15370,621,612,540,1136,0,0,30
15371,617,614,540,1133,0,0,30
15372,616,610,541,1135,0,0,30
15373,613,611,542,1137,0,0,30
15374,613,612,540,1138,0,0,30
15375,614,611,538,1147,0,0,30
15376,617,610,540,1138,0,0,30
15377,619,609,540,1140,0,0,30
15378,621,614,541,1143,0,0,30
15379,622,622,543,1141,0,0,30
15380,621,610,541,1138,0,0,30
15381,611,607,538,1141,0,0,30
15382,615,614,540,1138,0,0,30
15383,614,613,541,1139,0,0,30
15384,614,615,537,1138,0,0,30
15385,616,615,542,1137,0,0,30
15386,613,611,541,1139,0,0,30
15387,620,612,539,1138,0,0,30
15388,620,612,539,1130,0,0,30
15389,615,604,540,1141,0,0,30
15390,608,613,539,1138,0,0,30
15391,614,610,541,1137,0,0,30
15392,616,612,547,1139,0,0,30
15393,619,618,537,1135,0,0,30
15394,620,615,539,1138,0,0,30
15395,615,624,537,1145,0,0,30
15396,614,614,543,1140,0,0,30
15397,613,613,540,1139,0,0,30
15398,612,611,537,1130,0,0,30
15399,622,611,540,1139,0,0,30
15400,619,613,537,1140,1,0,30
15401,614,606,542,1137,1,0,30
15402,615,606,542,1137,1,0,30
15403,615,612,541,1139,1,0,30
15404,611,611,539,1139,1,0,30
15405,617,603,538,1139,1,0,30
15406,611,608,539,1138,1,0,30
15407,619,592,541,1141,1,0,30
15408,611,606,537,1141,1,0,30
15409,612,612,539,1138,1,0,30
15410,615,611,537,1137,1,0,30
15411,619,609,541,1140,1,0,30
15412,619,614,540,1136,1,0,30
15413,615,621,547,1139,1,0,30
15414,616,616,541,1138,1,0,30
15415,614,609,539,1135,0,0,30
15416,607,617,539,1135,0,0,30
15417,614,613,539,1139,0,0,30
15418,611,611,538,1140,0,0,30
15419,618,612,543,1140,0,0,30
15420,619,596,540,1139,0,0,30
15421,608,609,541,1141,0,0,30
15422,617,615,540,1137,0,0,30
15423,618,611,539,1136,0,0,30
15424,625,611,540,1140,0,0,30
15425,612,611,540,1139,0,0,30
15426,614,608,538,1139,0,0,30
15427,618,612,543,1138,0,0,30
15428,614,613,540,1136,0,0,30
15429,616,606,538,1139,0,0,30
15430,616,610,541,1140,0,0,30
15431,614,613,537,1138,0,0,30
15432,614,607,532,1140,0,0,30
15433,608,614,534,1133,0,0,30
15434,614,609,539,1139,0,0,30
15435,620,605,542,1140,0,0,30
15436,618,607,541,1142,0,0,30
15437,615,614,540,1140,0,0,30
15438,614,608,539,1141,0,0,30
15439,618,612,541,1136,0,0,30
15440,618,620,542,1139,0,0,30
15441,613,612,541,1138,0,0,30
15442,614,615,540,1136,0,0,30
15443,621,613,540,1138,0,0,30
15444,615,610,542,1143,0,0,30
15445,617,611,543,1141,0,0,30
15446,618,602,539,1140,0,0,30
15447,606,609,539,1133,0,0,30
15448,620,611,538,1142,0,0,30
15449,615,609,541,1142,0,0,30
15450,615,609,540,1137,1,0,30
15451,622,616,539,1139,1,0,30
15452,614,618,539,1139,1,0,30
15453,615,613,540,1138,1,0,30
15454,612,612,537,1139,1,0,30
15455,617,611,540,1139,1,0,30
15456,613,614,539,1139,1,0,30
15457,618,610,540,1140,1,0,30
15458,612,608,543,1139,1,0,30
15459,616,610,540,1141,1,0,30
15460,612,609,539,1139,1,0,30
15461,615,612,537,1140,1,0,30
15462,614,616,543,1138,1,0,30
15463,606,612,538,1138,1,0,30
15464,615,612,539,1138,1,0,30
15465,611,600,536,1138,0,0,30
15466,617,613,539,1137,0,0,30
15467,614,611,543,1141,0,0,30
15468,617,607,542,1140,0,0,30
15469,617,615,540,1139,0,0,30
15470,618,621,540,1138,0,0,30
15471,615,614,540,1138,0,0,30
15472,618,612,540,1140,0,0,30
15473,611,610,540,1140,0,0,30
15474,612,603,539,1141,0,0,30
15475,621,614,542,1142,0,0,30
15476,618,615,536,1138,0,0,30
15477,615,608,541,1142,0,0,30
15478,615,609,540,1139,0,0,30
15479,617,611,542,1139,0,0,30
15480,616,613,540,1139,0,0,30
15481,615,605,544,1138,0,0,30
15482,612,608,538,1137,0,0,30
15483,618,613,541,1142,0,0,30
15484,618,608,541,1140,0,0,30
15485,615,615,540,1136,0,0,30
15486,612,612,542,1139,0,0,30
15487,617,607,539,1147,0,0,30
15488,610,618,536,1139,0,0,30
15489,615,609,540,1139,0,0,30
15490,612,614,540,1139,0,0,30
15491,616,613,543,1140,0,0,30
15492,620,611,540,1135,0,0,30
15493,620,607,538,1137,0,0,30
15494,614,612,539,1139,0,0,30
15495,614,613,541,1137,0,0,30
15496,614,610,535,1139,0,0,30
15497,619,598,540,1139,0,0,30
15498,613,611,540,1142,0,0,30
15499,616,618,541,1139,0,0,30
15500,613,609,540,1138,1,0,30
15501,617,609,537,1140,1,0,30
15502,616,611,540,1142,1,0,30
15503,617,615,541,1139,1,0,30
15504,610,612,542,1138,1,0,30
15505,616,612,536,1138,1,0,30
15506,610,610,540,1140,1,0,30
15507,614,610,541,1144,1,0,30
15508,615,610,541,1139,1,0,30
15509,617,609,539,1140,1,0,30
15510,613,612,539,1137,1,0,30
15511,618,613,541,1140,1,0,30
15512,613,602,540,1140,1,0,30
15513,612,610,543,1142,1,0,30
15514,618,612,551,1140,1,0,30
15515,611,608,551,1138,0,0,30
15516,612,615,538,1139,0,0,30
15517,617,620,537,1144,0,0,30
15518,616,617,541,1138,0,0,30
15519,603,596,542,1144,0,0,30
15520,615,612,543,1144,0,0,30
15521,615,609,539,1142,0,0,30
15522,614,607,536,1138,0,0,30
15523,617,610,539,1139,0,0,30
15524,615,619,539,1138,0,0,30
15525,615,609,543,1139,0,0,30
15526,617,608,544,1140,0,0,30
15527,618,624,540,1141,0,0,30
15528,618,614,541,1138,0,0,30
15529,617,613,538,1140,0,0,30
15530,616,610,539,1139,0,0,30
15531,614,615,540,1134,0,0,30
15532,618,594,537,1141,0,0,30
15533,626,603,541,1129,0,0,30
15534,620,616,540,1139,0,0,30
15535,617,613,539,1136,0,0,30
15536,612,624,540,1138,0,0,30
15537,617,608,537,1137,0,0,30
15538,613,613,541,1145,0,0,30
15539,625,610,539,1139,0,0,30
15540,613,610,539,1137,0,0,30
15541,615,613,540,1142,0,0,30
15542,618,613,541,1133,0,0,30
15543,617,610,539,1138,0,0,30
15544,615,609,542,1139,0,0,30
15545,616,616,539,1138,0,0,30
15546,611,613,539,1136,0,0,30
15547,618,610,542,1139,0,0,30
15548,625,611,539,1138,0,0,30
15549,615,610,540,1134,0,0,30
15550,612,614,540,1137,1,0,30
15551,616,606,540,1136,1,0,30
15552,615,611,540,1140,1,0,30
15553,615,612,541,1139,1,0,30
15554,617,612,540,1141,1,0,30
15555,613,609,540,1139,1,0,30
15556,623,611,540,1138,1,0,30
15557,615,611,538,1133,1,0,30
15558,613,612,539,1139,1,0,30
15559,617,617,539,1142,1,0,30
15560,615,611,541,1140,1,0,30
15561,614,607,541,1139,1,0,30
15562,616,608,538,1139,1,0,30
15563,615,602,539,1139,1,0,30
15564,607,608,540,1141,1,0,30
15565,616,614,538,1142,0,0,30
15566,616,609,538,1138,0,0,30
15567,616,615,539,1139,0,0,30
15568,615,616,542,1139,0,0,30
15569,614,612,541,1138,0,0,30
15570,620,611,539,1137,0,0,30
15571,618,609,540,1134,0,0,30
15572,614,612,540,1141,0,0,30
15573,616,607,539,1142,0,0,30
15574,613,614,542,1136,0,0,30
15575,618,610,539,1141,0,0,30
15576,617,605,538,1137,0,0,30
15577,615,609,535,1138,0,0,30
15578,615,610,542,1136,0,0,30
15579,616,612,539,1138,0,0,30
15580,618,610,541,1139,0,0,30
15581,615,610,538,1138,0,0,30
15582,617,599,534,1139,0,0,30
15583,619,615,540,1134,0,0,30
15584,621,615,539,1138,0,0,30
15585,614,609,540,1139,0,0,30
15586,614,608,540,1139,0,0,30
15587,617,607,542,1139,0,0,30
15588,610,614,539,1143,0,0,30
15589,622,611,539,1141,0,0,30
15590,614,607,541,1130,0,0,30
15591,624,598,538,1138,0,0,30
15592,613,616,540,1143,0,0,30
15593,615,606,541,1140,0,0,30
15594,615,610,541,1142,0,0,30
15595,612,612,537,1140,0,0,30
15596,615,613,538,1140,0,0,30
15597,608,612,541,1136,0,0,30
15598,616,618,536,1139,0,0,30
15599,614,613,542,1140,0,0,30
15600,612,613,542,1140,1,0,30
15601,615,608,539,1141,1,0,30
15602,617,609,540,1139,1,0,30
15603,618,602,540,1142,1,0,30
15604,615,609,538,1139,1,0,30
15605,624,617,537,1140,1,0,30
15606,616,618,539,1132,1,0,30
15607,612,610,544,1138,1,0,30
15608,621,611,538,1141,1,0,30
15609,618,607,541,1148,1,0,30
15610,612,617,540,1134,1,0,30
15611,616,614,540,1139,1,0,30
15612,618,613,540,1141,1,0,30
15613,614,602,544,1138,1,0,30
15614,613,611,537,1141,1,0,30
15615,609,608,541,1135,0,0,30
15616,616,621,543,1140,0,0,30
15617,617,610,541,1136,0,0,30
15618,615,618,542,1139,0,0,30
15619,619,609,540,1138,0,0,30
15620,623,608,540,1139,0,0,30
15621,609,614,542,1140,0,0,30
15622,613,601,539,1138,0,0,30
15623,616,607,538,1141,0,0,30
15624,618,614,543,1141,0,0,30
15625,616,613,540,1136,0,0,30
15626,612,613,541,1140,0,0,30
15627,614,612,539,1137,0,0,30
15628,610,613,539,1138,0,0,30
15629,616,617,541,1140,0,0,30
15630,613,612,543,1143,0,0,30
15631,613,611,540,1138,0,0,30
15632,617,605,541,1139,0,0,30
15633,616,622,538,1140,0,0,30
15634,611,614,539,1138,0,0,30
15635,616,614,541,1141,0,0,30
15636,622,617,539,1135,0,0,30
15637,613,618,541,1139,0,0,30
15638,613,612,543,1140,0,0,30
15639,616,611,541,1147,0,0,30
15640,621,615,543,1137,0,0,30
15641,618,627,541,1134,0,0,30
15642,615,611,546,1139,0,0,30
15643,618,612,543,1140,0,0,30
15644,615,612,539,1141,0,0,30
15645,611,607,539,1136,0,0,30
15646,616,616,540,1139,0,0,30
15647,614,613,539,1128,0,0,30
15648,620,610,539,1139,0,0,30
15649,617,615,539,1137,0,0,30
15650,617,612,541,1139,1,0,30
15651,616,611,538,1140,1,0,30
15652,612,612,539,1138,1,0,30
15653,612,618,540,1136,1,0,30
15654,611,613,541,1138,1,0,30
15655,619,618,545,1137,1,0,30
15656,608,616,539,1138,1,0,30
15657,617,610,538,1139,1,0,30
15658,614,609,538,1139,1,0,30
15659,612,610,543,1137,1,0,30
15660,609,614,539,1140,1,0,30
15661,613,634,541,1140,1,0,30
15662,614,611,543,1142,1,0,30
15663,615,608,539,1140,1,0,30
15664,618,615,539,1141,1,0,30
15665,619,612,540,1143,0,0,30
15666,616,611,541,1136,0,0,30
15667,617,618,539,1138,0,0,30
15668,613,612,543,1139,0,0,30
15669,617,612,539,1140,0,0,30
15670,614,612,541,1137,0,0,30
15671,613,612,538,1137,0,0,30
15672,611,610,540,1140,0,0,30
15673,616,622,543,1140,0,0,30
15674,618,613,542,1140,0,0,30
15675,615,614,540,1136,0,0,30
15676,622,604,541,1138,0,0,30
15677,622,605,539,1140,0,0,30
15678,616,610,543,1146,0,0,30
15679,618,609,541,1140,0,0,30
15680,611,612,542,1138,0,0,30
15681,619,611,540,1139,0,0,30
15682,617,612,540,1136,0,0,30
15683,617,614,539,1140,0,0,30
15684,619,612,537,1139,0,0,30
15685,619,610,539,1140,0,0,30
15686,614,608,540,1140,0,0,30
15687,621,615,544,1143,0,0,30
15688,616,611,544,1138,0,0,30
15689,617,613,538,1137,0,0,30
15690,619,611,540,1138,0,0,30
15691,617,612,541,1139,0,0,30
15692,613,619,541,1137,0,0,30
15693,621,620,541,1137,0,0,30
15694,614,615,549,1139,0,0,30
15695,600,612,535,1141,0,0,30
15696,612,610,540,1138,0,0,30
15697,614,606,542,1137,0,0,30
15698,612,608,542,1139,0,0,30
15699,617,609,541,1137,0,0,30
15700,616,614,541,1138,1,0,30
15701,618,613,540,1139,1,0,30
15702,612,610,540,1139,1,0,30
15703,615,609,541,1139,1,0,30
15704,612,608,540,1139,1,0,30
15705,618,609,540,1136,1,0,30
15706,616,610,542,1141,1,0,30
15707,615,613,538,1139,1,0,30
15708,616,614,537,1138,1,0,30
15709,618,612,542,1139,1,0,30
15710,614,618,543,1138,1,0,30
15711,613,607,540,1135,1,0,30
15712,612,607,542,1141,1,0,30
15713,614,611,538,1138,1,0,30
15714,613,613,540,1139,1,0,30
15715,620,605,542,1143,0,0,30
15716,615,599,539,1141,0,0,30
15717,619,611,540,1139,0,0,30
15718,613,610,539,1142,0,0,30
15719,614,605,539,1139,0,0,30
15720,613,618,541,1137,0,0,30
15721,615,609,543,1140,0,0,30
15722,624,612,542,1140,0,0,30
15723,617,617,540,1139,0,0,30
15724,615,609,541,1138,0,0,30
15725,611,609,542,1140,0,0,30
15726,619,609,543,1139,0,0,30
15727,614,618,540,1142,0,0,30
15728,615,621,541,1142,0,0,30
15729,623,615,538,1137,0,0,30
15730,611,616,538,1139,0,0,30
15731,620,613,543,1136,0,0,30
15732,610,610,538,1139,0,0,30
15733,619,609,540,1139,0,0,30
15734,614,610,538,1140,0,0,30
15735,611,610,540,1142,0,0,30
15736,614,613,542,1141,0,0,30
15737,615,607,539,1139,0,0,30
15738,615,617,536,1140,0,0,30
15739,621,611,537,1136,0,0,30
15740,619,610,547,1141,0,0,30
15741,614,610,546,1142,0,0,30
15742,621,611,543,1139,0,0,30
15743,616,619,541,1139,0,0,30
15744,611,609,539,1138,0,0,30
15745,617,611,533,1138,0,0,30
15746,619,608,540,1139,0,0,30
15747,614,607,541,1141,0,0,30
15748,610,612,541,1142,0,0,30
15749,614,606,540,1141,0,0,30
15750,617,615,539,1139,1,0,30
15751,614,616,538,1138,1,0,30
15752,617,610,541,1140,1,0,30
15753,614,610,540,1139,1,0,30
15754,615,610,539,1141,1,0,30
15755,611,604,544,1140,1,0,30
15756,619,616,539,1140,1,0,30
15757,615,616,540,1138,1,0,30
15758,618,616,537,1139,1,0,30
15759,617,611,540,1141,1,0,30
15760,617,615,538,1140,1,0,30
15761,610,613,533,1139,1,0,30
15762,613,608,542,1139,1,0,30
15763,616,609,541,1140,1,0,30
15764,609,615,537,1139,1,0,30
15765,617,609,539,1143,0,0,30
15766,619,611,537,1141,0,0,30
15767,613,613,534,1137,0,0,30
15768,615,611,537,1136,0,0,30
15769,619,615,540,1139,0,0,30
15770,613,612,538,1139,0,0,30
15771,616,610,541,1138,0,0,30
15772,610,612,543,1137,0,0,30
15773,621,609,542,1138,0,0,30
15774,615,603,547,1139,0,0,30
15775,601,610,539,1140,0,0,30
15776,628,612,537,1137,0,0,30
15777,615,612,540,1138,0,0,30
15778,609,613,540,1142,0,0,30
15779,614,617,535,1138,0,0,30
15780,614,614,540,1136,0,0,30
15781,623,607,539,1137,0,0,30
15782,617,612,540,1137,0,0,30
15783,616,612,541,1138,0,0,30
15784,613,610,540,1141,0,0,30
15785,616,609,539,1139,0,0,30
15786,616,612,538,1138,0,0,30
15787,614,613,541,1136,0,0,30
15788,615,611,536,1138,0,0,30
15789,611,612,540,1141,0,0,30
15790,620,611,539,1137,0,0,30
15791,610,611,536,1136,0,0,30
15792,615,615,546,1140,0,0,30
15793,613,610,544,1138,0,0,30
15794,614,611,541,1139,0,0,30
15795,615,612,537,1141,0,0,30
15796,615,619,539,1142,0,0,30
15797,616,615,540,1138,0,0,30
15798,620,611,540,1138,0,0,30
15799,617,614,541,1137,0,0,30
15800,616,624,539,1137,1,0,30
15801,612,607,538,1141,1,0,30
15802,615,617,540,1140,1,0,30
15803,614,631,544,1141,1,0,30
15804,613,611,543,1135,1,0,30
15805,612,614,541,1140,1,0,30
15806,617,608,541,1140,1,0,30
15807,620,608,540,1137,1,0,30
15808,614,619,537,1141,1,0,30
15809,619,610,539,1139,1,0,30
15810,617,615,539,1137,1,0,30
15811,608,614,543,1140,1,0,30
15812,614,614,541,1136,1,0,30
15813,616,602,541,1141,1,0,30
15814,616,609,543,1139,1,0,30
15815,618,611,541,1140,0,0,30
15816,620,613,541,1141,0,0,30
15817,617,616,540,1145,0,0,30
15818,612,607,544,1138,0,0,30
15819,609,612,541,1150,0,0,30
15820,614,610,541,1138,0,0,30
15821,619,609,542,1144,0,0,30
15822,619,615,541,1141,0,0,30
15823,621,614,537,1141,0,0,30
15824,614,608,541,1138,0,0,30
15825,615,611,543,1133,0,0,30
15826,619,622,547,1137,0,0,30
15827,616,611,542,1141,0,0,30
15828,621,611,542,1137,0,0,30
15829,616,595,542,1140,0,0,30
15830,623,612,539,1139,0,0,30
15831,618,613,540,1139,0,0,30
15832,613,611,540,1137,0,0,30
15833,621,609,539,1136,0,0,30
15834,618,609,540,1139,0,0,30
15835,613,615,538,1135,0,0,30
15836,615,609,542,1136,0,0,30
15837,618,608,541,1136,0,0,30
15838,619,612,542,1140,0,0,30
15839,627,611,542,1138,0,0,30
15840,611,614,539,1140,0,0,30
15841,622,614,541,1138,0,0,30
15842,617,612,542,1137,0,0,30
15843,615,614,543,1140,0,0,30
15844,617,609,540,1138,0,0,30
15845,613,610,539,1140,0,0,30
15846,612,609,538,1140,0,0,30
15847,619,610,540,1139,0,0,30
15848,615,603,539,1140,0,0,30
15849,618,628,540,1142,0,0,30
15850,616,611,541,1139,1,0,30
15851,617,607,541,1140,1,0,30
15852,616,613,536,1138,1,0,30
15853,615,607,540,1141,1,0,30
15854,626,613,539,1140,1,0,30
15855,617,614,539,1143,1,0,30
15856,622,602,541,1140,1,0,30
15857,605,611,544,1143,1,0,30
15858,614,602,540,1146,1,0,30
15859,611,627,541,1133,1,0,30
15860,611,616,540,1139,1,0,30
15861,614,607,539,1136,1,0,30
15862,615,613,539,1139,1,0,30
15863,611,608,543,1139,1,0,30
15864,614,616,548,1138,1,0,30
15865,608,615,541,1144,0,0,30
15866,622,611,539,1140,0,0,30
15867,616,608,544,1138,0,0,30
15868,617,609,542,1137,0,0,30
15869,610,613,543,1138,0,0,30
15870,614,611,540,1139,0,0,30
15871,617,617,539,1140,0,0,30
15872,618,610,541,1138,0,0,30
15873,611,610,537,1144,0,0,30
15874,610,610,536,1142,0,0,30
15875,617,615,541,1137,0,0,30
15876,616,607,539,1140,0,0,30
15877,622,612,539,1139,0,0,30
15878,616,609,539,1137,0,0,30
15879,617,623,553,1137,0,0,30
15880,614,620,542,1138,0,0,30
15881,619,613,541,1135,0,0,30
15882,615,608,541,1136,0,0,30
15883,617,614,542,1133,0,0,30
15884,612,597,542,1138,0,0,30
15885,612,613,538,1138,0,0,30
15886,617,603,540,1134,0,0,30
15887,617,609,545,1138,0,0,30
15888,616,612,540,1136,0,0,30
15889,616,605,540,1140,0,0,30
15890,615,615,541,1139,0,0,30
15891,621,613,544,1138,0,0,30
15892,619,611,543,1138,0,0,30
15893,613,614,539,1138,0,0,30
15894,613,595,540,1139,0,0,30
15895,624,609,541,1136,0,0,30
15896,622,608,540,1141,0,0,30
15897,614,610,539,1140,0,0,30
15898,617,613,538,1133,0,0,30
15899,617,613,540,1140,0,0,30
15900,617,621,539,1139,1,0,30
15901,615,612,537,1136,1,0,30
15902,616,610,540,1134,1,0,30
15903,612,614,539,1140,1,0,30
15904,620,609,537,1137,1,0,30
15905,621,607,541,1138,1,0,30
15906,615,610,542,1138,1,0,30
15907,618,612,543,1140,1,0,30
15908,616,612,539,1139,1,0,30
15909,613,615,542,1138,1,0,30
15910,611,604,541,1140,1,0,30
15911,617,607,539,1140,1,0,30
15912,612,610,538,1142,1,0,30
15913,617,611,535,1138,1,0,30
15914,611,616,536,1143,1,0,30
15915,622,605,539,1141,0,0,30
15916,603,610,538,1138,0,0,30
15917,613,610,536,1140,0,0,30
15918,605,611,540,1141,0,0,30
15919,616,613,543,1140,0,0,30
15920,617,617,534,1141,0,0,30
15921,617,612,539,1139,0,0,30
15922,615,613,541,1138,0,0,30
15923,627,613,542,1139,0,0,30
15924,616,611,542,1133,0,0,30
15925,618,615,540,1135,0,0,30
15926,623,614,539,1137,0,0,30
15927,615,608,542,1136,0,0,30
15928,613,612,532,1139,0,0,30
15929,616,614,537,1140,0,0,30
15930,614,613,545,1137,0,0,30
15931,616,612,533,1137,0,0,30
15932,614,610,539,1138,0,0,30
15933,613,617,542,1133,0,0,30
15934,616,619,539,1139,0,0,30
15935,613,610,539,1140,0,0,30
15936,615,615,545,1140,0,0,30
15937,615,620,538,1138,0,0,30
15938,617,612,538,1141,0,0,30
15939,617,611,541,1140,0,0,30
15940,613,609,546,1141,0,0,30
15941,619,605,540,1139,0,0,30
15942,614,607,538,1140,0,0,30
15943,619,608,538,1137,0,0,30
15944,614,604,542,1137,0,0,30
15945,617,613,541,1137,0,0,30
15946,616,608,540,1141,0,0,30
15947,608,611,538,1138,0,0,30
15948,617,612,537,1139,0,0,30
15949,616,598,539,1139,0,0,30
15950,611,604,539,1138,1,0,30
15951,618,610,544,1138,1,0,30
15952,612,614,539,1140,1,0,30
15953,615,613,540,1140,1,0,30
15954,613,610,541,1137,1,0,30
15955,616,612,539,1138,1,0,30
15956,616,608,540,1142,1,0,30
15957,611,613,540,1140,1,0,30
15958,609,619,544,1139,1,0,30
15959,616,608,541,1142,1,0,30
15960,612,602,538,1143,1,0,30
15961,616,612,537,1139,1,0,30
15962,612,610,540,1139,1,0,30
15963,617,611,538,1140,1,0,30
15964,615,609,536,1139,1,0,30
15965,612,608,540,1142,0,0,30
15966,617,612,536,1137,0,0,30
15967,611,616,541,1138,0,0,30
15968,614,612,538,1139,0,0,30
15969,616,608,538,1141,0,0,30
15970,611,610,539,1139,0,0,30
15971,614,610,536,1139,0,0,30
15972,624,613,538,1136,0,0,30
15973,621,619,541,1139,0,0,30
15974,626,615,541,1137,0,0,30
15975,604,614,540,1138,0,0,30
15976,614,612,538,1139,0,0,30
15977,617,625,541,1139,0,0,30
15978,618,611,542,1136,0,0,30
15979,616,612,538,1140,0,0,30
15980,609,612,541,1139,0,0,30
15981,619,599,538,1138,0,0,30
15982,617,610,541,1141,0,0,30
15983,613,612,545,1141,0,0,30
15984,611,609,538,1138,0,0,30
15985,610,612,542,1140,0,0,30
15986,617,628,541,1138,0,0,30
15987,615,609,542,1139,0,0,30
15988,617,594,542,1137,0,0,30
15989,613,610,539,1139,0,0,30
15990,616,608,543,1138,0,0,30
15991,617,609,544,1141,0,0,30
15992,616,609,541,1139,0,0,30
15993,615,611,540,1138,0,0,30
15994,617,600,541,1135,0,0,30
15995,623,610,541,1139,0,0,30
15996,621,612,538,1139,0,0,30
15997,618,604,539,1138,0,0,30
15998,623,609,537,1131,0,0,30
15999,609,611,540,1138,0,0,30
16000,613,614,544,1140,1,0,30
16001,614,615,537,1137,1,0,30
16002,616,609,540,1137,1,0,30
16003,612,612,539,1140,1,0,30
16004,613,616,543,1140,1,0,30
16005,615,614,542,1139,1,0,30
16006,623,613,541,1143,1,0,30
16007,607,612,540,1139,1,0,30
16008,617,610,540,1136,1,0,30
16009,615,610,541,1136,1,0,30
16010,615,599,540,1144,1,0,30
16011,628,611,537,1138,1,0,30
16012,614,614,539,1142,1,0,30
16013,606,593,539,1140,1,0,30
16014,622,605,538,1139,1,0,30
16015,616,614,541,1138,0,0,30
16016,599,612,539,1139,0,0,30
16017,616,612,537,1139,0,0,30
16018,618,613,542,1141,0,0,30
16019,616,616,541,1138,0,0,30
16020,617,622,541,1139,0,0,30
16021,619,613,541,1137,0,0,30
16022,619,605,539,1140,0,0,30
16023,615,612,545,1138,0,0,30
16024,614,611,541,1138,0,0,30
16025,615,607,541,1137,0,0,30
16026,616,613,540,1137,0,0,30
16027,614,613,535,1139,0,0,30
16028,613,614,538,1133,0,0,30
16029,622,614,540,1139,0,0,30
16030,619,612,544,1142,0,0,30
16031,623,611,540,1138,0,0,30
16032,613,612,540,1141,0,0,30
16033,616,613,539,1136,0,0,30
16034,621,606,538,1139,0,0,30
16035,615,604,538,1138,0,0,30
16036,622,608,540,1141,0,0,30
16037,622,612,539,1139,0,0,30
16038,615,612,540,1138,0,0,30
16039,614,598,539,1137,0,0,30
16040,617,607,541,1135,0,0,30
16041,615,611,540,1141,0,0,30
16042,616,617,539,1138,0,0,30
16043,617,607,541,1143,0,0,30
16044,618,615,542,1139,0,0,30
16045,614,614,541,1134,0,0,30
16046,615,611,544,1138,0,0,30
16047,616,612,543,1139,0,0,30
16048,621,612,539,1140,0,0,30
16049,616,612,534,1138,0,0,30
16050,611,615,541,1138,1,0,30
16051,612,609,535,1139,1,0,30
16052,613,613,535,1134,1,0,30
16053,619,611,537,1140,1,0,30
16054,617,610,536,1139,1,0,30
16055,620,615,537,1140,1,0,30
16056,614,614,541,1138,1,0,30
16057,614,609,540,1139,1,0,30
16058,615,604,546,1141,1,0,30
16059,613,620,540,1138,1,0,30
16060,611,606,539,1138,1,0,30
16061,616,615,540,1139,1,0,30
16062,613,607,538,1138,1,0,30
16063,608,612,541,1137,1,0,30
16064,618,610,541,1138,1,0,30
16065,614,614,540,1137,0,0,30
16066,606,617,538,1140,0,0,30
16067,607,610,539,1145,0,0,30
16068,617,606,541,1139,0,0,30
16069,613,614,540,1140,0,0,30
16070,612,626,541,1137,0,0,30
16071,617,610,541,1138,0,0,30
16072,614,612,533,1145,0,0,30
16073,613,611,544,1138,0,0,30
16074,613,613,539,1137,0,0,30
16075,616,614,539,1138,0,0,30
16076,612,607,544,1143,0,0,30
16077,616,613,538,1140,0,0,30
16078,608,609,537,1135,0,0,30
16079,615,619,538,1137,0,0,30
16080,621,613,538,1140,0,0,30
16081,617,614,538,1138,0,0,30
16082,614,603,539,1142,0,0,30
16083,619,610,539,1139,0,0,30
16084,615,613,534,1133,0,0,30
16085,618,606,544,1140,0,0,30
16086,614,607,541,1138,0,0,30
16087,624,611,539,1139,0,0,30
16088,620,610,539,1137,0,0,30
16089,617,611,534,1140,0,0,30
16090,616,612,539,1133,0,0,30
16091,615,603,540,1139,0,0,30
16092,613,608,540,1135,0,0,30
16093,614,596,542,1140,0,0,30
16094,615,604,540,1135,0,0,30
16095,620,611,540,1138,0,0,30
16096,616,614,540,1139,0,0,30
16097,615,603,542,1136,0,0,30
16098,615,613,539,1142,0,0,30
16099,611,615,541,1137,0,0,30
16100,618,614,544,1139,1,0,30
16101,610,615,539,1140,1,0,30
16102,613,606,539,1139,1,0,30
16103,614,609,538,1138,1,0,30
16104,618,611,540,1141,1,0,30
16105,611,609,538,1138,1,0,30
16106,615,606,542,1136,1,0,30
16107,616,612,538,1140,1,0,30
16108,617,612,540,1138,1,0,30
16109,616,608,538,1136,1,0,30
16110,609,623,540,1139,1,0,30
16111,615,613,531,1142,1,0,30
16112,610,612,540,1150,1,0,30
16113,622,610,537,1137,1,0,30
16114,614,612,538,1142,1,0,30
16115,614,608,540,1147,0,0,30
16116,615,611,539,1139,0,0,30
16117,612,610,541,1140,0,0,30
16118,621,614,542,1139,0,0,30
16119,623,614,537,1136,0,0,30
16120,618,609,539,1142,0,0,30
16121,618,610,542,1143,0,0,30
16122,613,611,542,1139,0,0,30
16123,615,613,540,1141,0,0,30
16124,618,607,541,1136,0,0,30
16125,616,606,542,1137,0,0,30
16126,615,612,540,1139,0,0,30
16127,611,609,540,1137,0,0,30
16128,617,604,539,1139,0,0,30
16129,616,608,538,1134,0,0,30
16130,622,611,541,1141,0,0,30
16131,612,610,542,1140,0,0,30
16132,616,614,540,1139,0,0,30
16133,616,614,540,1138,0,0,30
16134,614,614,541,1140,0,0,30
16135,616,602,538,1139,0,0,30
16136,620,616,539,1141,0,0,30
16137,616,612,540,1140,0,0,30
16138,616,613,541,1142,0,0,30
16139,620,613,540,1136,0,0,30
16140,614,613,541,1138,0,0,30
16141,615,616,542,1137,0,0,30
16142,616,615,539,1141,0,0,30
16143,617,613,541,1139,0,0,30
16144,611,612,539,1139,0,0,30
16145,616,611,542,1137,0,0,30
16146,615,607,543,1141,0,0,30
16147,617,612,541,1139,0,0,30
16148,616,612,541,1141,0,0,30
16149,617,607,539,1132,0,0,30
16150,613,610,538,1142,1,0,30
16151,611,607,538,1136,1,0,30
16152,616,627,539,1141,1,0,30
16153,623,605,536,1141,1,0,30
16154,614,611,543,1141,1,0,30
16155,614,602,541,1140,1,0,30
16156,614,611,545,1141,1,0,30
16157,610,607,541,1136,1,0,30
16158,604,609,540,1140,1,0,30
16159,621,610,543,1138,1,0,30
16160,618,613,540,1138,1,0,30
16161,616,609,540,1139,1,0,30
16162,626,606,540,1141,1,0,30
16163,617,611,540,1135,1,0,30
16164,615,606,544,1140,1,0,30
16165,602,613,541,1135,0,0,30
16166,612,613,541,1150,0,0,30
16167,620,611,538,1140,0,0,30
16168,617,616,538,1139,0,0,30
16169,621,609,540,1141,0,0,30
16170,616,613,540,1141,0,0,30
16171,612,609,541,1140,0,0,30
16172,614,613,540,1139,0,0,30
16173,605,611,542,1141,0,0,30
16174,613,608,541,1141,0,0,30
16175,612,613,539,1140,0,0,30
16176,617,609,542,1138,0,0,30
16177,614,608,541,1137,0,0,30
16178,630,619,539,1138,0,0,30
16179,621,612,538,1141,0,0,30
16180,621,611,542,1141,0,0,30
16181,614,612,542,1140,0,0,30
16182,615,613,541,1142,0,0,30
16183,614,611,538,1140,0,0,30
16184,607,609,539,1138,0,0,30
16185,619,614,541,1137,0,0,30
16186,612,612,540,1137,0,0,30
16187,620,610,539,1141,0,0,30
16188,615,609,540,1142,0,0,30
16189,616,610,540,1138,0,0,30
16190,605,610,539,1140,0,0,30
16191,615,614,541,1139,0,0,30
16192,615,613,539,1137,0,0,30
16193,617,609,541,1136,0,0,30
16194,616,608,541,1141,0,0,30
16195,623,610,540,1136,0,0,30
16196,621,619,536,1138,0,0,30
16197,617,608,539,1140,0,0,30
16198,615,611,540,1137,0,0,30
16199,615,612,542,1139,0,0,30
16200,618,610,539,1140,1,0,30
16201,616,608,539,1138,1,0,30
16202,616,609,540,1137,1,0,30
16203,622,607,541,1139,1,0,30
16204,613,615,539,1138,1,0,30
16205,615,612,541,1139,1,0,30
16206,615,621,539,1139,1,0,30
16207,614,608,539,1136,1,0,30
16208,614,611,540,1139,1,0,30
16209,617,607,537,1138,1,0,30
16210,615,610,537,1139,1,0,30
16211,617,615,540,1136,1,0,30
16212,613,614,545,1134,1,0,30
16213,613,614,538,1139,1,0,30
16214,614,609,540,1140,1,0,30
16215,613,615,543,1144,0,0,30
16216,617,611,539,1136,0,0,30
16217,621,617,541,1138,0,0,30
16218,616,611,539,1137,0,0,30
16219,622,608,541,1140,0,0,30
16220,618,609,540,1139,0,0,30
16221,612,618,534,1138,0,0,30
16222,616,608,540,1139,0,0,30
16223,608,612,541,1137,0,0,30
16224,612,614,539,1134,0,0,30
16225,619,611,541,1139,0,0,30
16226,616,611,541,1134,0,0,30
16227,616,624,541,1137,0,0,30
16228,616,616,539,1139,0,0,30
16229,616,612,538,1139,0,0,30
16230,615,612,541,1138,0,0,30
16231,616,613,538,1139,0,0,30
16232,614,616,541,1137,0,0,30
16233,616,612,543,1140,0,0,30
16234,622,610,541,1142,0,0,30
16235,616,607,538,1141,0,0,30
16236,613,613,541,1139,0,0,30
16237,618,612,540,1145,0,0,30
16238,614,611,541,1132,0,0,30
16239,616,613,541,1139,0,0,30
16240,616,613,540,1143,0,0,30
16241,616,607,542,1139,0,0,30
16242,616,611,539,1138,0,0,30
16243,626,611,539,1144,0,0,30
16244,618,615,539,1142,0,0,30
16245,618,612,537,1138,0,0,30
16246,614,614,538,1136,0,0,30
16247,617,613,539,1138,0,0,30
16248,617,609,540,1137,0,0,30
16249,614,611,538,1132,0,0,30
16250,613,613,541,1140,1,0,30
16251,617,615,536,1142,1,0,30
16252,620,607,540,1140,1,0,30
16253,622,610,536,1138,1,0,30
16254,613,610,540,1140,1,0,30
16255,615,610,538,1141,1,0,30
16256,611,601,539,1138,1,0,30
16257,614,608,540,1138,1,0,30
16258,615,608,541,1141,1,0,30
16259,615,609,540,1138,1,0,30
16260,610,613,538,1141,1,0,30
16261,616,612,541,1139,1,0,30
16262,611,612,543,1130,1,0,30
16263,614,609,542,1137,1,0,30
16264,616,615,539,1145,1,0,30
16265,618,610,540,1146,0,0,30
16266,614,611,542,1130,0,0,30
16267,611,609,540,1140,0,0,30
16268,613,612,540,1140,0,0,30
16269,613,611,535,1139,0,0,30
16270,615,611,540,1138,0,0,30
16271,613,614,538,1139,0,0,30
16272,621,612,536,1141,0,0,30
16273,613,612,539,1136,0,0,30
16274,614,613,539,1136,0,0,30
16275,622,609,535,1138,0,0,30
16276,616,612,540,1139,0,0,30
16277,617,609,539,1137,0,0,30
16278,619,603,541,1139,0,0,30
16279,614,616,543,1141,0,0,30
16280,617,620,544,1143,0,0,30
16281,615,612,539,1139,0,0,30
16282,616,609,544,1141,0,0,30
16283,614,611,542,1140,0,0,30
16284,617,615,540,1140,0,0,30
16285,620,620,544,1140,0,0,30
16286,616,615,540,1141,0,0,30
16287,615,610,539,1137,0,0,30
16288,614,615,540,1141,0,0,30
16289,615,610,543,1136,0,0,30
16290,606,614,541,1139,0,0,30
16291,617,593,541,1140,0,0,30
16292,618,609,540,1137,0,0,30
16293,615,615,539,1150,0,0,30
16294,616,613,540,1143,0,0,30
16295,614,610,540,1138,0,0,30
16296,615,604,540,1142,0,0,30
16297,616,614,542,1138,0,0,30
16298,610,605,541,1138,0,0,30
16299,614,618,538,1140,0,0,30
16300,613,612,539,1138,1,0,30
16301,616,594,537,1139,1,0,30
16302,615,614,539,1140,1,0,30
16303,616,615,539,1133,1,0,30
16304,612,612,538,1140,1,0,30
16305,618,611,541,1138,1,0,30
16306,615,612,543,1139,1,0,30
16307,613,606,540,1141,1,0,30
16308,617,615,539,1139,1,0,30
16309,617,613,541,1142,1,0,30
16310,615,608,540,1136,1,0,30
16311,622,622,542,1139,1,0,30
16312,611,611,541,1137,1,0,30
16313,608,611,541,1139,1,0,30
16314,616,610,537,1142,1,0,30
16315,621,615,541,1138,0,0,30
16316,615,610,536,1138,0,0,30
16317,619,612,537,1141,0,0,30
16318,619,616,537,1138,0,0,30
16319,604,627,541,1140,0,0,30
16320,614,612,541,1136,0,0,30
16321,617,601,538,1139,0,0,30
16322,614,612,537,1140,0,0,30
16323,617,615,546,1138,0,0,30
16324,617,605,538,1137,0,0,30
16325,615,606,539,1137,0,0,30
16326,616,611,540,1141,0,0,30
16327,614,606,534,1136,0,0,30
16328,617,622,539,1143,0,0,30
16329,616,613,542,1139,0,0,30
16330,615,611,537,1142,0,0,30
16331,616,614,539,1143,0,0,30
16332,617,607,536,1141,0,0,30
16333,612,613,541,1141,0,0,30
16334,617,608,537,1139,0,0,30
16335,621,612,543,1136,0,0,30
16336,612,614,544,1138,0,0,30
16337,617,611,542,1138,0,0,30
16338,613,616,534,1136,0,0,30
16339,612,614,536,1139,0,0,30
16340,613,613,539,1138,0,0,30
16341,618,620,540,1136,0,0,30
16342,618,613,541,1138,0,0,30
16343,612,614,541,1139,0,0,30
16344,616,610,546,1140,0,0,30
16345,618,612,540,1139,0,0,30
16346,609,605,538,1140,0,0,30
16347,612,622,542,1139,0,0,30
16348,617,609,539,1139,0,0,30
16349,617,600,539,1140,0,0,30
16350,614,611,543,1140,1,0,30
16351,614,613,541,1139,1,0,30
16352,617,615,534,1140,1,0,30
16353,615,611,540,1139,1,0,30
16354,615,614,540,1133,1,0,30
16355,615,623,539,1138,1,0,30
16356,617,608,541,1140,1,0,30
16357,614,608,537,1136,1,0,30
16358,615,610,538,1139,1,0,30
16359,618,607,539,1135,1,0,30
16360,617,611,541,1140,1,0,30
16361,615,609,538,1138,1,0,30
16362,612,609,540,1138,1,0,30
16363,614,612,539,1140,1,0,30
16364,615,615,538,1144,1,0,30
16365,611,616,541,1142,0,0,30
16366,619,612,541,1138,0,0,30
16367,614,613,539,1137,0,0,30
16368,610,608,539,1140,0,0,30
16369,613,603,543,1140,0,0,30
16370,619,618,541,1136,0,0,30
16371,614,617,541,1139,0,0,30
16372,612,614,536,1141,0,0,30
16373,610,612,537,1145,0,0,30
16374,606,613,540,1136,0,0,30
16375,616,615,541,1139,0,0,30
16376,620,611,539,1137,0,0,30
16377,616,614,541,1137,0,0,30
16378,618,609,539,1138,0,0,30
16379,619,611,543,1137,0,0,30
16380,614,614,542,1138,0,0,30
16381,619,613,536,1143,0,0,30
16382,620,610,542,1143,0,0,30
16383,610,592,544,1141,0,0,30
16384,621,611,540,1137,0,0,30
16385,609,615,542,1139,0,0,30
16386,616,614,539,1139,0,0,30
16387,613,597,540,1141,0,0,30
16388,616,609,544,1140,0,0,30
16389,618,613,542,1134,0,0,30
16390,620,614,541,1144,0,0,30
16391,615,610,540,1138,0,0,30
16392,617,611,539,1139,0,0,30
16393,614,608,540,1138,0,0,30
16394,623,612,539,1139,0,0,30
16395,617,612,535,1140,0,0,30
16396,613,612,542,1147,0,0,30
16397,608,612,538,1138,0,0,30
16398,618,611,541,1140,0,0,30
16399,616,612,541,1139,0,0,30
16400,618,612,542,1139,1,0,30
16401,618,611,540,1140,1,0,30
16402,611,614,541,1139,1,0,30
16403,616,608,543,1137,1,0,30
16404,618,609,539,1142,1,0,30
16405,612,614,538,1138,1,0,30
16406,617,611,539,1140,1,0,30
16407,619,611,540,1140,1,0,30
16408,615,607,539,1133,1,0,30
16409,618,610,542,1137,1,0,30
16410,616,612,538,1140,1,0,30
16411,613,608,540,1138,1,0,30
16412,614,612,541,1145,1,0,30
16413,608,613,540,1140,1,0,30
16414,620,598,537,1139,1,0,30
16415,617,610,539,1139,0,0,30
16416,617,618,541,1139,0,0,30
16417,618,611,538,1135,0,0,30
16418,619,614,543,1137,0,0,30
16419,610,608,542,1137,0,0,30
16420,614,614,537,1131,0,0,30
16421,616,613,541,1135,0,0,30
16422,614,623,543,1144,0,0,30
16423,614,607,539,1136,0,0,30
16424,610,612,539,1139,0,0,30
16425,618,614,539,1141,0,0,30
16426,619,612,545,1139,0,0,30
16427,612,610,532,1138,0,0,30
16428,598,615,537,1138,0,0,30
16429,616,615,542,1140,0,0,30
16430,614,613,537,1140,0,0,30
16431,617,625,540,1139,0,0,30
16432,617,610,541,1138,0,0,30
16433,613,623,539,1137,0,0,30
16434,612,611,537,1140,0,0,30
16435,617,607,541,1141,0,0,30
16436,614,612,542,1138,0,0,30
16437,616,609,540,1138,0,0,30
16438,615,613,541,1137,0,0,30
16439,615,613,543,1137,0,0,30
16440,630,613,540,1138,0,0,30
16441,617,612,542,1138,0,0,30
16442,617,617,541,1138,0,0,30
16443,617,606,539,1138,0,0,30
16444,613,608,540,1138,0,0,30
16445,618,613,542,1137,0,0,30
16446,614,614,542,1140,0,0,30
16447,614,608,540,1141,0,0,30
16448,618,612,542,1136,0,0,30
16449,616,612,537,1132,0,0,30
16450,613,610,542,1134,1,0,30
16451,614,611,545,1137,1,0,30
16452,615,613,539,1138,1,0,30
16453,614,614,539,1138,1,0,30
16454,613,608,540,1136,1,0,30
16455,615,611,539,1143,1,0,30
16456,615,613,540,1140,1,0,30
16457,614,609,539,1139,1,0,30
16458,613,613,540,1139,1,0,30
16459,615,614,541,1137,1,0,30
16460,617,608,541,1138,1,0,30
16461,614,606,543,1142,1,0,30
16462,614,617,539,1140,1,0,30
16463,617,604,539,1143,1,0,30
16464,618,608,540,1134,1,0,30
16465,620,612,543,1135,0,0,30
16466,617,614,544,1142,0,0,30
16467,618,612,537,1135,0,0,30
16468,619,610,535,1139,0,0,30
16469,616,608,541,1140,0,0,30
16470,614,613,539,1139,0,0,30
16471,613,612,543,1141,0,0,30
16472,614,616,533,1146,0,0,30
16473,608,610,540,1138,0,0,30
16474,620,616,540,1140,0,0,30
16475,616,618,541,1137,0,0,30
16476,620,617,544,1139,0,0,30
16477,616,611,541,1139,0,0,30
16478,614,615,541,1137,0,0,30
16479,615,618,539,1139,0,0,30
16480,614,615,543,1139,0,0,30
16481,615,612,541,1141,0,0,30
16482,618,611,536,1142,0,0,30
16483,616,611,539,1139,0,0,30
16484,624,608,543,1138,0,0,30
16485,611,613,536,1136,0,0,30
16486,614,607,538,1137,0,0,30
16487,613,605,540,1141,0,0,30
16488,615,611,540,1139,0,0,30
16489,614,612,539,1131,0,0,30
16490,620,622,539,1139,0,0,30
16491,617,612,540,1137,0,0,30
16492,615,609,540,1140,0,0,30
16493,620,611,540,1137,0,0,30
16494,614,610,537,1138,0,0,30
16495,614,611,533,1143,0,0,30
16496,615,613,539,1138,0,0,30
16497,619,609,540,1138,0,0,30
16498,614,607,540,1137,0,0,30
16499,613,611,541,1139,0,0,30
16500,620,609,541,1139,1,0,30
16501,618,610,539,1140,1,0,30
16502,613,613,542,1141,1,0,30
16503,611,611,533,1141,1,0,30
16504,615,610,543,1138,1,0,30
16505,621,604,539,1140,1,0,30
16506,617,609,542,1140,1,0,30
16507,618,608,542,1146,1,0,30
16508,622,614,540,1144,1,0,30
16509,616,605,540,1138,1,0,30
16510,616,614,540,1140,1,0,30
16511,612,603,541,1142,1,0,30
16512,613,613,542,1141,1,0,30
16513,615,614,541,1140,1,0,30
16514,610,608,536,1140,1,0,30
16515,616,617,537,1142,0,0,30
16516,615,612,533,1136,0,0,30
16517,610,613,542,1142,0,0,30
16518,614,613,536,1138,0,0,30
16519,608,620,543,1140,0,0,30
16520,614,606,544,1139,0,0,30
16521,615,610,541,1137,0,0,30
16522,613,607,538,1138,0,0,30
16523,617,615,541,1139,0,0,30
16524,611,609,544,1141,0,0,30
16525,613,619,541,1139,0,0,30
16526,617,611,538,1139,0,0,30
16527,618,610,542,1140,0,0,30
16528,615,610,540,1138,0,0,30
16529,617,606,548,1139,0,0,30
16530,615,612,538,1139,0,0,30
16531,618,611,540,1140,0,0,30
16532,621,608,536,1139,0,0,30
16533,608,615,537,1141,0,0,30
16534,610,613,533,1140,0,0,30
16535,616,613,537,1140,0,0,30
16536,615,610,539,1148,0,0,30
16537,622,609,536,1139,0,0,30
16538,614,616,538,1143,0,0,30
16539,619,615,539,1138,0,0,30
16540,620,615,540,1142,0,0,30
16541,621,610,539,1138,0,0,30
16542,612,611,538,1139,0,0,30
16543,614,626,538,1136,0,0,30
16544,614,610,539,1139,0,0,30
16545,612,616,540,1140,0,0,30
16546,612,614,540,1137,0,0,30
16547,619,612,540,1140,0,0,30
16548,613,615,541,1139,0,0,30
16549,615,611,537,1143,0,0,30
16550,614,605,540,1136,1,0,30
16551,608,609,541,1139,1,0,30
16552,614,609,545,1137,1,0,30
16553,613,617,541,1136,1,0,30
16554,620,613,540,1140,1,0,30
16555,613,607,539,1137,1,0,30
16556,615,610,542,1139,1,0,30
16557,615,612,542,1144,1,0,30
16558,614,612,540,1136,1,0,30
16559,617,607,536,1138,1,0,30
16560,613,613,537,1142,1,0,30
16561,610,610,538,1141,1,0,30
16562,615,618,540,1140,1,0,30
16563,613,619,539,1139,1,0,30
16564,616,618,540,1140,1,0,30
16565,614,616,540,1142,0,0,30
16566,620,609,541,1140,0,0,30
16567,618,613,539,1133,0,0,30
16568,609,598,541,1138,0,0,30
16569,614,610,533,1140,0,0,30
16570,616,610,542,1137,0,0,30
16571,616,609,538,1141,0,0,30
16572,618,615,545,1140,0,0,30
16573,618,615,539,1138,0,0,30
16574,615,618,540,1140,0,0,30
16575,610,610,543,1139,0,0,30
16576,613,619,539,1139,0,0,30
16577,614,610,539,1138,0,0,30
16578,616,614,542,1133,0,0,30
16579,618,606,538,1142,0,0,30
16580,615,610,541,1140,0,0,30
16581,615,612,540,1141,0,0,30
16582,611,624,541,1140,0,0,30
16583,617,612,542,1138,0,0,30
16584,613,611,538,1137,0,0,30
16585,613,610,537,1137,0,0,30
16586,618,600,541,1140,0,0,30
16587,617,614,540,1139,0,0,30
16588,616,610,539,1138,0,0,30
16589,617,609,539,1140,0,0,30
16590,610,613,534,1138,0,0,30
16591,606,614,538,1139,0,0,30
16592,619,617,542,1135,0,0,30
16593,615,602,543,1127,0,0,30
16594,615,605,540,1139,0,0,30
16595,616,611,540,1138,0,0,30
16596,615,611,540,1138,0,0,30
16597,623,614,543,1139,0,0,30
16598,617,614,539,1137,0,0,30
16599,610,609,541,1135,0,0,30
16600,612,629,538,1142,1,0,30
16601,614,608,533,1133,1,0,30
16602,616,605,538,1138,1,0,30
16603,615,610,541,1135,1,0,30
16604,613,610,542,1139,1,0,30
16605,615,624,541,1138,1,0,30
16606,615,611,535,1138,1,0,30
16607,604,610,543,1138,1,0,30
16608,618,603,539,1139,1,0,30
16609,615,610,540,1137,1,0,30
16610,613,600,539,1138,1,0,30
16611,615,609,539,1140,1,0,30
16612,614,611,541,1133,1,0,30
16613,607,609,539,1136,1,0,30
16614,612,605,538,1138,1,0,30
16615,615,613,541,1134,0,0,30
16616,617,611,541,1139,0,0,30
16617,617,614,539,1138,0,0,30
16618,618,592,542,1139,0,0,30
16619,614,607,539,1134,0,0,30
16620,615,613,534,1140,0,0,30
16621,619,609,547,1139,0,0,30
16622,614,612,541,1141,0,0,30
16623,616,613,540,1134,0,0,30
16624,615,613,542,1138,0,0,30
16625,609,616,537,1138,0,0,30
16626,614,595,550,1138,0,0,30
16627,613,611,542,1138,0,0,30
16628,619,613,543,1139,0,0,30
16629,616,611,541,1138,0,0,30
16630,616,616,542,1137,0,0,30
16631,618,618,545,1139,0,0,30
16632,620,610,542,1136,0,0,30
16633,617,615,540,1138,0,0,30
16634,613,611,538,1138,0,0,30
16635,615,619,534,1132,0,0,30
16636,616,602,536,1138,0,0,30
16637,614,614,539,1137,0,0,30
16638,617,611,544,1136,0,0,30
16639,617,600,540,1136,0,0,30
16640,617,615,544,1137,0,0,30
16641,616,610,545,1138,0,0,30
16642,619,610,542,1138,0,0,30
16643,616,617,538,1138,0,0,30
16644,608,612,544,1138,0,0,30
16645,613,614,539,1137,0,0,30
16646,617,614,539,1139,0,0,30
16647,615,607,541,1138,0,0,30
16648,611,611,542,1144,0,0,30
16649,617,612,541,1138,0,0,30
16650,618,610,537,1145,1,0,30
16651,618,629,543,1139,1,0,30
16652,612,617,541,1140,1,0,30
16653,616,613,538,1142,1,0,30
16654,624,611,539,1148,1,0,30
16655,617,599,539,1142,1,0,30
16656,612,611,540,1138,1,0,30
16657,621,611,542,1139,1,0,30
16658,616,606,539,1143,1,0,30
16659,605,609,540,1140,1,0,30
16660,613,612,541,1140,1,0,30
16661,612,608,540,1140,1,0,30
16662,621,615,539,1144,1,0,30
16663,613,610,540,1141,1,0,30
16664,615,619,538,1141,1,0,30
16665,618,611,542,1140,0,0,30
16666,622,612,541,1137,0,0,30
16667,612,611,541,1141,0,0,30
16668,614,608,542,1139,0,0,30
16669,610,609,542,1137,0,0,30
16670,612,614,539,1137,0,0,30
16671,614,610,543,1142,0,0,30
16672,613,610,536,1137,0,0,30
16673,615,614,538,1134,0,0,30
16674,616,629,540,1137,0,0,30
16675,615,613,539,1137,0,0,30
16676,609,611,538,1144,0,0,30
16677,617,612,542,1137,0,0,30
16678,617,609,537,1141,0,0,30
16679,617,611,541,1141,0,0,30
16680,610,619,542,1139,0,0,30
16681,620,612,542,1142,0,0,30
16682,615,613,538,1141,0,0,30
16683,625,609,541,1143,0,0,30
16684,617,608,541,1140,0,0,30
16685,614,612,541,1140,0,0,30
16686,617,613,540,1140,0,0,30
16687,614,606,543,1142,0,0,30
16688,614,612,538,1140,0,0,30
16689,605,610,540,1144,0,0,30
16690,608,614,542,1136,0,0,30
16691,614,602,541,1138,0,0,30
16692,615,613,542,1141,0,0,30
16693,614,614,542,1133,0,0,30
16694,615,606,541,1141,0,0,30
16695,624,614,543,1139,0,0,30
16696,618,610,542,1141,0,0,30
16697,616,617,541,1140,0,0,30
16698,612,608,539,1137,0,0,30
16699,614,610,538,1138,0,0,30
16700,613,616,537,1131,1,0,30
16701,618,610,541,1139,1,0,30
16702,620,607,542,1137,1,0,30
16703,617,603,540,1138,1,0,30
16704,617,611,538,1139,1,0,30
16705,617,609,539,1139,1,0,30
16706,613,612,544,1137,1,0,30
16707,615,611,542,1143,1,0,30
16708,609,610,541,1140,1,0,30
16709,621,618,536,1139,1,0,30
16710,612,611,542,1141,1,0,30
16711,612,611,538,1139,1,0,30
16712,621,609,540,1137,1,0,30
16713,616,604,542,1139,1,0,30
16714,605,614,535,1139,1,0,30
16715,614,612,537,1136,0,0,30
16716,614,604,539,1129,0,0,30
16717,621,612,542,1137,0,0,30
16718,616,610,542,1139,0,0,30
16719,617,610,541,1125,0,0,30
16720,622,617,538,1135,0,0,30
16721,615,611,540,1138,0,0,30
16722,621,608,543,1136,0,0,30
16723,616,615,539,1138,0,0,30
16724,617,618,539,1141,0,0,30
16725,614,611,541,1140,0,0,30
16726,616,611,540,1135,0,0,30
16727,613,608,541,1140,0,0,30
16728,615,604,539,1138,0,0,30
16729,621,614,542,1131,0,0,30
16730,618,611,543,1140,0,0,30
16731,616,611,541,1137,0,0,30
16732,616,612,540,1140,0,0,30
16733,612,609,540,1143,0,0,30
16734,618,606,540,1138,0,0,30
16735,618,611,542,1138,0,0,30
16736,622,614,538,1139,0,0,30
16737,620,613,539,1140,0,0,30
16738,619,610,541,1139,0,0,30
16739,615,614,538,1138,0,0,30
16740,618,606,538,1142,0,0,30
16741,615,608,541,1137,0,0,30
16742,619,611,539,1141,0,0,30
16743,613,610,538,1142,0,0,30
16744,620,610,540,1138,0,0,30
16745,624,611,538,1137,0,0,30
16746,614,611,537,1141,0,0,30
16747,616,608,539,1140,0,0,30
16748,619,608,540,1142,0,0,30
16749,614,616,542,1138,0,0,30
16750,617,612,539,1135,1,0,30
16751,616,615,540,1139,1,0,30
16752,612,607,540,1140,1,0,30
16753,616,611,538,1144,1,0,30
16754,616,614,540,1139,1,0,30
16755,615,612,540,1140,1,0,30
16756,614,613,541,1139,1,0,30
16757,615,610,540,1140,1,0,30
16758,612,607,541,1140,1,0,30
16759,610,610,540,1139,1,0,30
16760,615,613,542,1140,1,0,30
16761,615,619,539,1141,1,0,30
16762,616,598,539,1141,1,0,30
16763,612,614,543,1135,1,0,30
16764,613,612,541,1139,1,0,30
16765,613,613,540,1141,0,0,30
16766,605,612,536,1135,0,0,30
16767,613,612,537,1135,0,0,30
16768,612,613,540,1137,0,0,30
16769,619,613,536,1142,0,0,30
16770,622,609,537,1137,0,0,30
16771,617,619,539,1140,0,0,30
16772,604,610,541,1138,0,0,30
16773,618,613,542,1140,0,0,30
16774,614,616,538,1141,0,0,30
16775,605,612,539,1139,0,0,30
16776,614,608,536,1138,0,0,30
16777,614,613,539,1137,0,0,30
16778,619,612,542,1140,0,0,30
16779,616,611,541,1138,0,0,30
16780,614,612,539,1142,0,0,30
16781,617,610,535,1139,0,0,30
16782,630,608,546,1139,0,0,30
16783,617,612,541,1144,0,0,30
16784,615,606,543,1139,0,0,30
16785,610,615,543,1138,0,0,30
16786,618,610,539,1133,0,0,30
16787,613,616,541,1139,0,0,30
16788,614,611,540,1139,0,0,30
16789,616,610,544,1140,0,0,30
16790,614,614,542,1137,0,0,30
16791,614,611,543,1137,0,0,30
16792,620,611,538,1139,0,0,30
16793,618,605,541,1138,0,0,30
16794,615,611,539,1140,0,0,30
16795,622,610,543,1142,0,0,30
16796,617,613,538,1135,0,0,30
16797,615,609,539,1146,0,0,30
16798,625,612,539,1138,0,0,30
16799,611,612,535,1141,0,0,30
16800,616,610,538,1140,1,0,30
16801,613,618,540,1136,1,0,30
16802,615,613,540,1140,1,0,30
16803,614,620,540,1139,1,0,30
16804,618,620,541,1139,1,0,30
16805,603,610,542,1139,1,0,30
16806,614,612,533,1142,1,0,30
16807,624,607,542,1139,1,0,30
16808,614,613,542,1142,1,0,30
16809,613,608,538,1135,1,0,30
16810,621,606,541,1137,1,0,30
16811,615,608,541,1138,1,0,30
16812,621,617,540,1138,1,0,30
16813,608,615,540,1139,1,0,30
16814,612,613,541,1137,1,0,30
16815,613,613,539,1144,0,0,30
16816,615,608,536,1137,0,0,30
16817,616,616,539,1136,0,0,30
16818,611,613,543,1139,0,0,30
16819,610,622,541,1137,0,0,30
16820,616,609,541,1138,0,0,30
16821,617,597,539,1139,0,0,30
16822,621,615,538,1138,0,0,30
16823,613,605,539,1138,0,0,30
16824,608,609,541,1140,0,0,30
16825,612,616,541,1139,0,0,30
16826,618,613,542,1138,0,0,30
16827,612,613,539,1140,0,0,30
16828,613,613,538,1140,0,0,30
16829,628,611,541,1140,0,0,30
16830,616,612,540,1139,0,0,30
16831,615,613,539,1138,0,0,30
16832,618,613,541,1139,0,0,30
16833,612,610,540,1140,0,0,30
16834,611,615,545,1141,0,0,30
16835,618,610,540,1137,0,0,30
16836,616,614,541,1139,0,0,30
16837,613,613,541,1139,0,0,30
16838,614,618,538,1140,0,0,30
16839,615,610,542,1145,0,0,30
16840,617,611,542,1138,0,0,30
16841,622,612,539,1138,0,0,30
16842,616,612,543,1136,0,0,30
16843,615,604,542,1140,0,0,30
16844,613,609,537,1139,0,0,30
16845,618,619,540,1142,0,0,30
16846,623,612,539,1140,0,0,30
16847,610,611,539,1139,0,0,30
16848,616,615,539,1143,0,0,30
16849,615,618,540,1140,0,0,30
16850,613,606,546,1139,1,0,30
16851,620,615,547,1140,1,0,30
16852,617,611,542,1138,1,0,30
16853,613,614,541,1140,1,0,30
16854,615,614,540,1140,1,0,30
16855,617,611,539,1141,1,0,30
16856,615,618,543,1137,1,0,30
16857,617,613,543,1136,1,0,30
16858,618,615,539,1143,1,0,30
16859,614,612,541,1139,1,0,30
16860,617,610,539,1142,1,0,30
16861,623,613,540,1138,1,0,30
16862,613,610,538,1139,1,0,30
16863,612,612,542,1129,1,0,30
16864,613,612,536,1140,1,0,30
16865,614,615,541,1141,0,0,30
16866,616,611,542,1138,0,0,30
16867,617,615,541,1145,0,0,30
16868,615,611,539,1141,0,0,30
16869,617,610,541,1144,0,0,30
16870,617,610,541,1139,0,0,30
16871,614,614,541,1142,0,0,30
16872,612,612,539,1140,0,0,30
16873,615,608,545,1135,0,0,30
16874,621,614,539,1139,0,0,30
16875,615,609,541,1139,0,0,30
16876,613,610,541,1142,0,0,30
16877,612,610,544,1140,0,0,30
16878,617,611,540,1142,0,0,30
16879,617,616,542,1137,0,0,30
16880,614,613,541,1142,0,0,30
16881,613,610,538,1141,0,0,30
16882,615,614,539,1140,0,0,30
16883,616,613,542,1142,0,0,30
16884,618,614,539,1139,0,0,30
16885,615,612,535,1140,0,0,30
16886,617,612,541,1145,0,0,30
16887,617,604,538,1138,0,0,30
16888,619,614,538,1139,0,0,30
16889,617,612,537,1137,0,0,30
16890,616,620,541,1136,0,0,30
16891,615,610,540,1140,0,0,30
16892,617,613,538,1137,0,0,30
16893,620,615,539,1137,0,0,30
16894,617,612,539,1137,0,0,30
16895,619,616,534,1139,0,0,30
16896,616,612,538,1140,0,0,30
16897,619,611,537,1139,0,0,30
16898,612,620,542,1138,0,0,30
16899,613,613,545,1140,0,0,30
16900,617,609,541,1141,1,0,30
16901,614,608,541,1139,1,0,30
16902,617,616,538,1139,1,0,30
16903,608,611,542,1136,1,0,30
16904,609,612,541,1138,1,0,30
16905,615,608,543,1140,1,0,30
16906,613,612,540,1140,1,0,30
16907,618,611,540,1138,1,0,30
16908,616,612,548,1143,1,0,30
16909,615,610,542,1135,1,0,30
16910,618,609,541,1142,1,0,30
16911,614,598,542,1139,1,0,30
16912,617,609,539,1138,1,0,30
16913,615,614,540,1140,1,0,30
16914,612,610,539,1131,1,0,30
16915,612,613,539,1138,0,0,30
16916,613,612,542,1139,0,0,30
16917,607,613,540,1138,0,0,30
16918,617,611,538,1137,0,0,30
16919,621,614,542,1136,0,0,30
16920,616,609,541,1127,0,0,30
16921,617,613,541,1137,0,0,30
16922,610,615,541,1137,0,0,30
16923,615,605,540,1140,0,0,30
16924,617,611,537,1141,0,0,30
16925,612,606,542,1134,0,0,30
16926,623,613,540,1135,0,0,30
16927,618,615,539,1137,0,0,30
16928,618,612,542,1139,0,0,30
16929,619,609,535,1139,0,0,30
16930,619,608,540,1133,0,0,30
16931,617,613,541,1127,0,0,30
16932,617,619,544,1139,0,0,30
16933,611,620,539,1139,0,0,30
16934,611,607,543,1137,0,0,30
16935,619,612,540,1140,0,0,30
16936,615,612,539,1139,0,0,30
16937,615,614,539,1136,0,0,30
16938,618,606,538,1139,0,0,30
16939,613,614,541,1138,0,0,30
16940,610,611,539,1135,0,0,30
16941,618,616,543,1138,0,0,30
16942,613,622,542,1138,0,0,30
16943,622,611,539,1135,0,0,30
16944,616,608,539,1146,0,0,30
16945,617,606,544,1138,0,0,30
16946,615,612,540,1138,0,0,30
16947,614,601,539,1138,0,0,30
16948,616,609,542,1141,0,0,30
16949,611,613,539,1138,0,0,30
16950,617,609,539,1138,1,0,30
16951,618,610,541,1138,1,0,30
16952,618,611,540,1140,1,0,30
16953,616,606,540,1141,1,0,30
16954,612,616,540,1139,1,0,30
16955,613,620,540,1137,1,0,30
16956,621,610,540,1138,1,0,30
16957,611,608,543,1138,1,0,30
16958,610,608,540,1140,1,0,30
16959,617,596,538,1140,1,0,30
16960,615,607,540,1135,1,0,30
16961,615,609,536,1137,1,0,30
16962,612,611,536,1128,1,0,30
16963,610,609,541,1141,1,0,30
16964,614,616,533,1138,1,0,30
16965,613,614,537,1137,0,0,30
16966,615,609,539,1138,0,0,30
16967,615,608,538,1142,0,0,30
16968,622,612,540,1145,0,0,30
16969,616,612,540,1142,0,0,30
16970,618,617,540,1138,0,0,30
16971,618,596,541,1137,0,0,30
16972,622,614,539,1136,0,0,30
16973,625,613,539,1140,0,0,30
16974,612,612,540,1137,0,0,30
16975,615,619,541,1134,0,0,30
16976,614,610,539,1138,0,0,30
16977,606,610,541,1138,0,0,30
16978,616,605,538,1131,0,0,30
16979,619,611,539,1140,0,0,30
16980,616,614,541,1139,0,0,30
16981,618,613,540,1139,0,0,30
16982,615,596,535,1142,0,0,30
16983,616,626,542,1139,0,0,30
16984,615,612,543,1139,0,0,30
16985,614,612,541,1138,0,0,30
16986,614,613,543,1137,0,0,30
16987,616,611,540,1140,0,0,30
16988,598,611,539,1141,0,0,30
16989,613,605,541,1141,0,0,30
16990,611,609,533,1138,0,0,30
16991,616,608,539,1141,0,0,30
16992,617,612,547,1138,0,0,30
16993,614,612,538,1137,0,0,30
16994,628,611,529,1140,0,0,30
16995,617,608,541,1138,0,0,30
16996,613,612,539,1140,0,0,30
16997,616,609,545,1139,0,0,30
16998,613,615,542,1139,0,0,30
16999,613,611,541,1140,0,0,30
17000,617,612,540,1137,1,0,30
17001,617,604,539,1138,1,0,30
17002,615,614,540,1140,1,0,30
17003,617,609,546,1141,1,0,30
17004,619,619,543,1139,1,0,30
17005,619,612,539,1140,1,0,30
17006,613,612,542,1139,1,0,30
17007,618,611,541,1138,1,0,30
17008,613,612,543,1140,1,0,30
17009,614,615,540,1139,1,0,30
17010,613,610,540,1140,1,0,30
17011,624,612,538,1138,1,0,30
17012,612,616,544,1137,1,0,30
17013,617,612,540,1141,1,0,30
17014,596,613,539,1139,1,0,30
17015,617,598,540,1147,0,0,30
17016,614,609,540,1139,0,0,30
17017,616,614,545,1135,0,0,30
17018,620,610,539,1142,0,0,30
17019,618,611,538,1138,0,0,30
17020,623,610,538,1147,0,0,30
17021,620,615,537,1139,0,0,30
17022,616,609,542,1138,0,0,30
17023,617,610,541,1132,0,0,30
17024,618,612,538,1137,0,0,30
17025,613,613,540,1140,0,0,30
17026,616,611,545,1140,0,0,30
17027,619,618,541,1139,0,0,30
17028,614,613,535,1139,0,0,30
17029,617,609,537,1137,0,0,30
17030,620,609,540,1141,0,0,30
17031,615,612,542,1134,0,0,30
17032,621,615,542,1143,0,0,30
17033,617,610,541,1139,0,0,30
17034,621,613,541,1140,0,0,30
17035,620,607,539,1138,0,0,30
17036,615,613,539,1139,0,0,30
17037,615,614,542,1137,0,0,30
17038,614,611,541,1138,0,0,30
17039,612,613,540,1140,0,0,30
17040,615,613,539,1138,0,0,30
17041,611,612,540,1138,0,0,30
17042,621,611,548,1139,0,0,30
17043,617,613,540,1137,0,0,30
17044,616,614,542,1137,0,0,30
17045,614,613,541,1140,0,0,30
17046,615,625,537,1140,0,0,30
17047,617,613,543,1139,0,0,30
17048,612,612,541,1138,0,0,30
17049,613,606,538,1141,0,0,30
17050,616,612,541,1139,1,0,30
17051,620,605,540,1140,1,0,30
17052,613,613,542,1144,1,0,30
17053,616,613,538,1140,1,0,30
17054,616,610,541,1140,1,0,30
17055,611,611,540,1139,1,0,30
17056,610,616,543,1140,1,0,30
17057,619,612,541,1139,1,0,30
17058,610,606,539,1139,1,0,30
17059,615,611,538,1140,1,0,30
17060,615,610,541,1140,1,0,30
17061,626,612,537,1139,1,0,30
17062,617,608,540,1144,1,0,30
17063,612,611,534,1135,1,0,30
17064,616,612,539,1136,1,0,30
17065,612,613,533,1138,0,0,30
17066,614,610,539,1141,0,0,30
17067,616,611,538,1139,0,0,30
17068,616,602,544,1144,0,0,30
17069,620,622,540,1140,0,0,30
17070,614,612,539,1134,0,0,30
17071,618,612,542,1140,0,0,30
17072,616,612,544,1139,0,0,30
17073,613,616,540,1137,0,0,30
17074,606,615,540,1140,0,0,30
17075,629,611,540,1136,0,0,30
17076,618,612,540,1140,0,0,30
17077,617,613,540,1138,0,0,30
17078,620,614,541,1143,0,0,30
17079,616,613,540,1138,0,0,30
17080,614,614,539,1134,0,0,30
17081,619,612,539,1128,0,0,30
17082,619,605,541,1140,0,0,30
17083,616,613,545,1138,0,0,30
17084,612,614,541,1140,0,0,30
17085,613,613,542,1139,0,0,30
17086,615,608,539,1140,0,0,30
17087,613,612,540,1140,0,0,30
17088,615,611,539,1137,0,0,30
17089,611,612,541,1134,0,0,30
17090,618,610,542,1139,0,0,30
17091,616,612,542,1138,0,0,30
17092,614,612,540,1137,0,0,30
17093,616,613,540,1138,0,0,30
17094,615,604,541,1140,0,0,30
17095,617,612,538,1139,0,0,30
17096,615,612,538,1135,0,0,30
17097,613,609,539,1139,0,0,30
17098,614,613,541,1139,0,0,30
17099,619,613,539,1134,0,0,30
17100,617,606,541,1141,1,0,30
17101,619,612,543,1138,1,0,30
17102,614,611,539,1139,1,0,30
17103,619,614,540,1138,1,0,30
17104,616,607,539,1141,1,0,30
17105,613,610,539,1138,1,0,30
17106,618,613,541,1139,1,0,30
17107,612,610,541,1141,1,0,30
17108,615,611,537,1138,1,0,30
17109,614,615,539,1138,1,0,30
17110,616,616,538,1138,1,0,30
17111,612,611,544,1127,1,0,30
17112,614,616,537,1140,1,0,30
17113,618,599,538,1139,1,0,30
17114,615,609,540,1140,1,0,30
17115,615,609,541,1145,0,0,30
17116,616,611,540,1140,0,0,30
17117,617,613,537,1136,0,0,30
17118,613,621,539,1132,0,0,30
17119,618,611,538,1138,0,0,30
17120,618,612,539,1135,0,0,30
17121,604,613,538,1141,0,0,30
17122,622,609,541,1137,0,0,30
17123,615,610,539,1130,0,0,30
17124,618,613,538,1133,0,0,30
17125,615,613,541,1124,0,0,30
17126,610,611,539,1140,0,0,30
17127,612,614,537,1139,0,0,30
17128,614,609,541,1139,0,0,30
17129,616,617,539,1138,0,0,30
17130,616,611,540,1138,0,0,30
17131,621,612,539,1137,0,0,30
17132,614,608,540,1138,0,0,30
17133,613,607,540,1137,0,0,30
17134,608,612,542,1137,0,0,30
17135,621,609,539,1139,0,0,30
17136,620,612,542,1142,0,0,30
17137,619,615,541,1138,0,0,30
17138,613,613,538,1139,0,0,30
17139,621,610,539,1137,0,0,30
17140,607,611,541,1143,0,0,30
17141,617,611,545,1139,0,0,30
17142,619,612,541,1139,0,0,30
17143,614,610,541,1139,0,0,30
17144,613,610,539,1140,0,0,30
17145,615,614,548,1140,0,0,30
17146,617,609,541,1141,0,0,30
17147,617,613,541,1137,0,0,30
17148,623,610,540,1139,0,0,30
17149,616,608,541,1142,0,0,30
17150,613,614,542,1138,1,0,30
17151,620,604,541,1138,1,0,30
17152,624,614,539,1135,1,0,30
17153,611,610,532,1142,1,0,30
17154,615,611,545,1136,1,0,30
17155,618,612,540,1140,1,0,30
17156,617,614,543,1139,1,0,30
17157,611,609,543,1140,1,0,30
17158,615,609,537,1139,1,0,30
17159,617,613,540,1142,1,0,30
17160,618,611,538,1139,1,0,30
17161,618,597,538,1138,1,0,30
17162,612,615,536,1136,1,0,30
17163,610,612,540,1139,1,0,30
17164,619,615,543,1138,1,0,30
17165,613,624,542,1140,0,0,30
17166,616,614,542,1140,0,0,30
17167,626,613,540,1138,0,0,30
17168,616,618,540,1137,0,0,30
17169,607,608,539,1135,0,0,30
17170,613,611,540,1137,0,0,30
17171,616,609,540,1142,0,0,30
17172,618,613,540,1139,0,0,30
17173,615,608,538,1134,0,0,30
17174,619,613,540,1138,0,0,30
17175,618,618,541,1137,0,0,30
17176,619,611,537,1135,0,0,30
17177,613,618,539,1138,0,0,30
17178,613,612,538,1139,0,0,30
17179,617,614,540,1140,0,0,30
17180,604,616,538,1138,0,0,30
17181,618,615,539,1138,0,0,30
17182,613,613,544,1139,0,0,30
17183,619,612,542,1139,0,0,30
17184,614,617,541,1137,0,0,30
17185,615,608,542,1141,0,0,30
17186,609,613,539,1139,0,0,30
17187,622,626,536,1140,0,0,30
17188,615,610,539,1140,0,0,30
17189,615,614,539,1139,0,0,30
17190,616,609,538,1137,0,0,30
17191,620,609,538,1139,0,0,30
17192,626,607,538,1142,0,0,30
17193,616,609,540,1140,0,0,30
17194,615,618,541,1136,0,0,30
17195,617,619,540,1139,0,0,30
17196,611,612,541,1137,0,0,30
17197,618,611,536,1141,0,0,30
17198,613,614,538,1139,0,0,30
17199,618,614,540,1149,0,0,30
17200,618,614,541,1141,1,0,30
17201,615,619,539,1140,1,0,30
17202,618,622,535,1140,1,0,30
17203,619,614,542,1140,1,0,30
17204,607,603,540,1139,1,0,30
17205,612,608,537,1141,1,0,30
17206,613,614,542,1141,1,0,30
17207,613,603,542,1137,1,0,30
17208,615,615,542,1137,1,0,30
17209,613,614,538,1139,1,0,30
17210,611,614,544,1139,1,0,30
17211,611,611,540,1140,1,0,30
17212,612,611,537,1141,1,0,30
17213,610,617,541,1142,1,0,30
17214,613,615,543,1139,1,0,30
17215,619,611,539,1141,0,0,30
17216,620,608,540,1140,0,0,30
17217,614,614,540,1142,0,0,30
17218,612,613,541,1139,0,0,30
17219,615,611,542,1139,0,0,30
17220,620,609,541,1140,0,0,30
17221,614,609,540,1142,0,0,30
17222,615,615,541,1143,0,0,30
17223,617,611,540,1134,0,0,30
17224,616,609,540,1140,0,0,30
17225,618,609,540,1140,0,0,30
17226,618,611,539,1139,0,0,30
17227,621,605,545,1140,0,0,30
17228,615,609,541,1140,0,0,30
17229,611,609,541,1139,0,0,30
17230,612,612,538,1142,0,0,30
17231,613,613,541,1140,0,0,30
17232,617,612,545,1142,0,0,30
17233,615,611,539,1141,0,0,30
17234,620,615,539,1142,0,0,30
17235,618,612,541,1140,0,0,30
17236,617,614,541,1140,0,0,30
17237,612,611,536,1144,0,0,30
17238,616,610,543,1136,0,0,30
17239,616,611,540,1136,0,0,30
17240,616,622,541,1138,0,0,30
17241,613,613,540,1140,0,0,30
17242,618,610,540,1139,0,0,30
17243,617,610,540,1136,0,0,30
17244,616,611,540,1140,0,0,30
17245,615,604,540,1133,0,0,30
17246,617,619,537,1139,0,0,30
17247,618,610,545,1139,0,0,30
17248,618,607,544,1139,0,0,30
17249,619,608,540,1149,0,0,30
17250,618,604,540,1147,1,0,30
17251,619,613,541,1142,1,0,30
17252,615,602,539,1141,1,0,30
17253,615,611,538,1138,1,0,30
17254,613,616,537,1139,1,0,30
17255,613,612,537,1139,1,0,30
17256,616,610,540,1142,1,0,30
17257,619,611,539,1141,1,0,30
17258,612,610,542,1139,1,0,30
17259,615,611,539,1137,1,0,30
17260,618,612,542,1142,1,0,30
17261,615,614,544,1139,1,0,30
17262,619,602,537,1140,1,0,30
17263,615,610,545,1140,1,0,30
17264,616,604,538,1141,1,0,30
17265,613,613,538,1140,0,0,30
17266,611,608,539,1138,0,0,30
17267,617,610,543,1140,0,0,30
17268,614,611,535,1137,0,0,30
17269,613,619,535,1136,0,0,30
17270,621,613,540,1139,0,0,30
17271,614,613,542,1135,0,0,30
17272,608,609,541,1139,0,0,30
17273,617,615,540,1133,0,0,30
17274,613,613,540,1137,0,0,30
17275,614,608,538,1144,0,0,30
17276,620,611,539,1139,0,0,30
17277,617,599,542,1137,0,0,30
17278,616,611,543,1139,0,0,30
17279,617,618,540,1140,0,0,30
17280,618,613,543,1144,0,0,30
17281,614,614,541,1139,0,0,30
17282,616,612,540,1138,0,0,30
17283,615,613,539,1139,0,0,30
17284,614,609,536,1141,0,0,30
17285,617,613,540,1140,0,0,30
17286,616,612,543,1137,0,0,30
17287,616,607,539,1141,0,0,30
17288,612,610,540,1138,0,0,30
17289,615,612,540,1136,0,0,30
17290,619,604,540,1141,0,0,30
17291,619,608,538,1138,0,0,30
17292,618,613,536,1134,0,0,30
17293,617,611,540,1138,0,0,30
17294,622,613,538,1138,0,0,30
17295,614,609,544,1135,0,0,30
17296,596,607,545,1139,0,0,30
17297,614,609,540,1137,0,0,30
17298,620,613,540,1138,0,0,30
17299,630,611,545,1139,0,0,30
17300,614,604,544,1142,1,0,30
17301,620,612,539,1141,1,0,30
17302,614,611,539,1140,1,0,30
17303,612,606,539,1137,1,0,30
17304,617,611,542,1141,1,0,30
17305,613,611,539,1141,1,0,30
17306,618,606,539,1140,1,0,30
17307,614,613,542,1140,1,0,30
17308,616,609,536,1141,1,0,30
17309,614,615,539,1140,1,0,30
17310,617,605,538,1140,1,0,30
17311,618,609,542,1140,1,0,30
17312,611,610,537,1138,1,0,30
17313,613,611,539,1139,1,0,30
17314,606,623,539,1140,1,0,30
17315,607,610,541,1143,0,0,30
17316,616,612,539,1138,0,0,30
17317,612,607,539,1140,0,0,30
17318,612,611,543,1138,0,0,30
17319,622,613,542,1133,0,0,30
17320,611,611,544,1138,0,0,30
17321,615,609,541,1139,0,0,30
17322,613,614,540,1136,0,0,30
17323,614,607,539,1140,0,0,30
17324,614,608,540,1137,0,0,30
17325,622,613,543,1137,0,0,30
17326,615,610,541,1137,0,0,30
17327,612,614,537,1137,0,0,30
17328,616,612,540,1139,0,0,30
17329,618,615,536,1138,0,0,30
17330,617,613,539,1140,0,0,30
17331,615,610,541,1138,0,0,30
17332,619,605,539,1137,0,0,30
17333,617,612,540,1138,0,0,30
17334,619,620,538,1138,0,0,30
17335,616,613,545,1135,0,0,30
17336,622,608,539,1136,0,0,30
17337,614,612,544,1140,0,0,30
17338,622,607,539,1141,0,0,30
17339,617,609,543,1138,0,0,30
17340,615,612,541,1137,0,0,30
17341,616,611,539,1137,0,0,30
17342,616,610,542,1137,0,0,30
17343,615,614,541,1137,0,0,30
17344,615,613,539,1138,0,0,30
17345,617,610,540,1140,0,0,30
17346,617,611,538,1140,0,0,30
17347,620,613,538,1139,0,0,30
17348,610,608,544,1139,0,0,30
17349,620,609,539,1140,0,0,30
17350,615,607,540,1139,1,0,30
17351,611,609,539,1140,1,0,30
17352,610,606,540,1140,1,0,30
17353,612,611,541,1143,1,0,30
17354,615,611,538,1140,1,0,30
17355,613,612,539,1139,1,0,30
17356,614,610,535,1141,1,0,30
17357,613,614,540,1147,1,0,30
17358,624,614,540,1139,1,0,30
17359,613,611,539,1140,1,0,30
17360,617,607,538,1140,1,0,30
17361,626,612,538,1141,1,0,30
17362,616,603,541,1137,1,0,30
17363,618,611,541,1139,1,0,30
17364,616,611,540,1138,1,0,30
17365,616,608,541,1144,0,0,30
17366,618,607,539,1139,0,0,30
17367,614,609,538,1140,0,0,30
17368,613,599,541,1140,0,0,30
17369,616,612,537,1139,0,0,30
17370,613,620,541,1137,0,0,30
17371,616,613,539,1138,0,0,30
17372,616,612,542,1140,0,0,30
17373,621,606,539,1140,0,0,30
17374,615,616,539,1141,0,0,30
17375,613,611,540,1138,0,0,30
17376,617,610,539,1139,0,0,30
17377,613,612,543,1138,0,0,30
17378,618,613,542,1135,0,0,30
17379,615,607,538,1140,0,0,30
17380,618,616,541,1138,0,0,30
17381,619,608,538,1139,0,0,30
17382,616,613,536,1140,0,0,30
17383,614,615,540,1140,0,0,30
17384,608,612,540,1139,0,0,30
17385,623,608,541,1135,0,0,30
17386,617,610,536,1135,0,0,30
17387,611,611,543,1140,0,0,30
17388,612,611,539,1140,0,0,30
17389,616,613,541,1141,0,0,30
17390,615,609,540,1138,0,0,30
17391,617,605,540,1134,0,0,30
17392,613,609,539,1139,0,0,30
17393,611,615,538,1135,0,0,30
17394,615,612,541,1138,0,0,30
17395,618,612,543,1141,0,0,30
17396,616,616,541,1142,0,0,30
17397,617,614,539,1138,0,0,30
17398,618,617,540,1139,0,0,30
17399,612,606,535,1137,0,0,30
17400,616,611,538,1129,1,0,30
17401,614,612,539,1140,1,0,30
17402,617,612,538,1140,1,0,30
17403,601,614,539,1140,1,0,30
17404,614,611,537,1138,1,0,30
17405,615,610,538,1136,1,0,30
17406,616,608,541,1137,1,0,30
17407,613,609,541,1138,1,0,30
17408,613,612,541,1133,1,0,30
17409,618,613,537,1141,1,0,30
17410,613,613,543,1138,1,0,30
17411,613,614,537,1140,1,0,30
17412,615,610,546,1140,1,0,30
17413,618,609,539,1139,1,0,30
17414,611,612,537,1139,1,0,30
17415,613,610,536,1133,0,0,30
17416,617,615,540,1137,0,0,30
17417,617,611,538,1139,0,0,30
17418,616,611,545,1144,0,0,30
17419,615,608,541,1143,0,0,30
17420,616,618,538,1139,0,0,30
17421,620,611,540,1140,0,0,30
17422,617,611,539,1139,0,0,30
17423,612,613,539,1140,0,0,30
17424,618,612,541,1133,0,0,30
17425,614,603,543,1139,0,0,30
17426,618,614,539,1139,0,0,30
17427,616,612,547,1136,0,0,30
17428,608,611,540,1139,0,0,30
17429,619,608,539,1140,0,0,30
17430,613,607,542,1143,0,0,30
17431,616,619,540,1142,0,0,30
17432,616,610,541,1140,0,0,30
17433,615,611,540,1139,0,0,30
17434,615,613,540,1139,0,0,30
17435,615,613,540,1136,0,0,30
17436,624,611,538,1135,0,0,30
17437,616,612,542,1137,0,0,30
17438,618,614,540,1140,0,0,30
17439,618,614,539,1136,0,0,30
17440,618,610,541,1137,0,0,30
17441,616,607,540,1139,0,0,30
17442,617,603,542,1136,0,0,30
17443,612,610,539,1136,0,0,30
17444,616,604,540,1138,0,0,30
17445,617,615,537,1137,0,0,30
17446,620,599,541,1136,0,0,30
17447,618,605,541,1138,0,0,30
17448,619,623,542,1140,0,0,30
17449,615,615,541,1140,0,0,30
17450,603,611,538,1138,1,0,30
17451,616,619,537,1139,1,0,30
17452,612,612,538,1136,1,0,30
17453,612,613,538,1140,1,0,30
17454,614,614,539,1137,1,0,30
17455,617,606,539,1137,1,0,30
17456,620,613,536,1139,1,0,30
17457,611,611,545,1140,1,0,30
17458,615,611,541,1136,1,0,30
17459,618,624,540,1146,1,0,30
17460,614,615,538,1137,1,0,30
17461,609,615,539,1138,1,0,30
17462,616,611,536,1127,1,0,30
17463,629,616,538,1138,1,0,30
17464,615,618,539,1136,1,0,30
17465,618,608,539,1143,0,0,30
17466,616,611,538,1136,0,0,30
17467,615,609,541,1135,0,0,30
17468,608,613,542,1144,0,0,30
17469,615,613,540,1140,0,0,30
17470,614,614,543,1137,0,0,30
17471,618,619,540,1146,0,0,30
17472,618,616,545,1136,0,0,30
17473,615,611,537,1139,0,0,30
17474,600,605,540,1127,0,0,30
17475,619,612,539,1136,0,0,30
17476,610,606,538,1140,0,0,30
17477,619,612,542,1137,0,0,30
17478,620,621,539,1138,0,0,30
17479,614,608,541,1140,0,0,30
17480,620,611,540,1137,0,0,30
17481,616,602,539,1139,0,0,30
17482,625,607,539,1138,0,0,30
17483,605,615,540,1142,0,0,30
17484,615,612,541,1139,0,0,30
17485,617,617,542,1133,0,0,30
17486,623,615,540,1138,0,0,30
17487,615,622,546,1137,0,0,30
17488,612,613,537,1138,0,0,30
17489,620,611,539,1141,0,0,30
17490,619,613,536,1137,0,0,30
17491,617,611,538,1139,0,0,30
17492,617,612,543,1137,0,0,30
17493,619,611,538,1137,0,0,30
17494,610,610,542,1140,0,0,30
17495,612,609,541,1138,0,0,30
17496,622,612,540,1143,0,0,30
17497,618,609,539,1139,0,0,30
17498,611,614,541,1140,0,0,30
17499,613,605,540,1137,0,0,30
17500,607,616,541,1140,1,0,30
17501,615,610,539,1141,1,0,30
17502,616,612,537,1138,1,0,30
17503,600,605,540,1139,1,0,30
17504,615,614,540,1140,1,0,30
17505,615,608,538,1140,1,0,30
17506,616,612,536,1137,1,0,30
17507,618,614,539,1138,1,0,30
17508,616,610,536,1138,1,0,30
17509,611,607,544,1144,1,0,30
17510,617,616,539,1139,1,0,30
17511,618,614,547,1144,1,0,30
17512,614,608,539,1141,1,0,30
17513,617,612,539,1143,1,0,30
17514,617,615,541,1139,1,0,30
17515,619,615,538,1137,0,0,30
17516,614,613,545,1141,0,0,30
17517,615,614,540,1140,0,0,30
17518,610,611,542,1140,0,0,30
17519,618,609,541,1138,0,0,30
17520,616,610,539,1140,0,0,30
17521,620,620,540,1138,0,0,30
17522,618,608,541,1140,0,0,30
17523,616,612,541,1137,0,0,30
17524,612,614,539,1139,0,0,30
17525,612,605,540,1139,0,0,30
17526,619,607,541,1140,0,0,30
17527,624,612,541,1140,0,0,30
17528,613,614,540,1140,0,0,30
17529,614,610,540,1138,0,0,30
17530,617,608,533,1138,0,0,30
17531,612,612,544,1140,0,0,30
17532,611,612,544,1140,0,0,30
17533,616,613,538,1138,0,0,30
17534,613,612,538,1137,0,0,30
17535,613,613,541,1140,0,0,30
17536,616,604,541,1138,0,0,30
17537,616,611,541,1138,0,0,30
17538,620,612,541,1137,0,0,30
17539,617,611,538,1140,0,0,30
17540,618,613,541,1140,0,0,30
17541,614,616,539,1140,0,0,30
17542,617,609,541,1138,0,0,30
17543,611,601,532,1138,0,0,30
17544,620,610,537,1139,0,0,30
17545,617,612,540,1140,0,0,30
17546,614,612,541,1136,0,0,30
17547,613,612,543,1138,0,0,30
17548,613,622,540,1139,0,0,30
17549,605,615,538,1138,0,0,30
17550,618,612,540,1135,1,0,30
17551,610,610,540,1145,1,0,30
17552,610,611,541,1138,1,0,30
17553,620,611,545,1137,1,0,30
17554,619,612,541,1138,1,0,30
17555,613,607,538,1138,1,0,30
17556,612,610,539,1140,1,0,30
17557,614,614,542,1136,1,0,30
17558,606,614,539,1133,1,0,30
17559,615,608,540,1142,1,0,30
17560,611,615,538,1139,1,0,30
17561,615,612,541,1141,1,0,30
17562,613,614,540,1139,1,0,30
17563,614,607,540,1141,1,0,30
17564,610,609,539,1139,1,0,30
17565,616,611,540,1138,0,0,30
17566,611,612,540,1137,0,0,30
17567,615,612,542,1141,0,0,30
17568,612,614,542,1140,0,0,30
17569,617,614,537,1135,0,0,30
17570,614,608,544,1138,0,0,30
17571,615,610,540,1139,0,0,30
17572,616,612,537,1137,0,0,30
17573,618,621,540,1140,0,0,30
17574,617,609,539,1138,0,0,30
17575,617,608,540,1139,0,0,30
17576,625,614,542,1135,0,0,30
17577,617,600,539,1137,0,0,30
17578,615,607,538,1136,0,0,30
17579,615,609,541,1134,0,0,30
17580,614,607,539,1138,0,0,30
17581,614,614,541,1137,0,0,30
17582,615,610,540,1138,0,0,30
17583,613,606,540,1138,0,0,30
17584,615,609,542,1140,0,0,30
17585,614,614,538,1139,0,0,30
17586,619,618,542,1140,0,0,30
17587,617,614,545,1140,0,0,30
17588,616,609,540,1140,0,0,30
17589,621,607,541,1141,0,0,30
17590,619,609,537,1140,0,0,30
17591,620,607,541,1136,0,0,30
17592,613,614,541,1139,0,0,30
17593,616,607,538,1139,0,0,30
17594,617,607,540,1137,0,0,30
17595,615,614,544,1141,0,0,30
17596,612,613,538,1139,0,0,30
17597,612,614,541,1140,0,0,30
17598,613,611,534,1137,0,0,30
17599,612,607,544,1149,0,0,30
17600,614,612,538,1139,1,0,30
17601,612,612,543,1139,1,0,30
17602,623,615,533,1140,1,0,30
17603,615,606,540,1139,1,0,30
17604,615,605,541,1141,1,0,30
17605,621,612,539,1140,1,0,30
17606,613,607,540,1137,1,0,30
17607,617,611,541,1143,1,0,30
17608,613,612,540,1139,1,0,30
17609,605,612,535,1141,1,0,30
17610,615,611,543,1141,1,0,30
17611,614,613,540,1140,1,0,30
17612,612,609,540,1141,1,0,30
17613,628,615,539,1143,1,0,30
17614,614,599,541,1138,1,0,30
17615,613,611,538,1139,0,0,30
17616,614,609,540,1139,0,0,30
17617,610,611,539,1137,0,0,30
17618,615,610,544,1139,0,0,30
17619,619,628,539,1139,0,0,30
17620,615,609,541,1138,0,0,30
17621,616,610,539,1141,0,0,30
17622,617,596,539,1135,0,0,30
17623,611,607,541,1139,0,0,30
17624,610,606,543,1141,0,0,30
17625,603,613,539,1140,0,0,30
17626,610,610,541,1141,0,0,30
17627,616,613,541,1138,0,0,30
17628,618,610,542,1138,0,0,30
17629,612,609,539,1137,0,0,30
17630,620,613,536,1139,0,0,30
17631,623,611,539,1143,0,0,30
17632,617,609,540,1141,0,0,30
17633,616,611,541,1136,0,0,30
17634,620,610,542,1140,0,0,30
17635,613,622,540,1140,0,0,30
17636,622,612,540,1140,0,0,30
17637,615,611,540,1140,0,0,30
17638,615,612,534,1139,0,0,30
17639,617,604,539,1138,0,0,30
17640,614,602,540,1140,0,0,30
17641,610,604,540,1137,0,0,30
17642,618,613,541,1139,0,0,30
17643,616,605,541,1139,0,0,30
17644,618,613,542,1135,0,0,30
17645,613,613,539,1138,0,0,30
17646,618,610,541,1140,0,0,30
17647,620,609,538,1137,0,0,30
17648,610,615,539,1139,0,0,30
17649,620,612,539,1138,0,0,30
17650,612,611,539,1138,1,0,30
17651,614,615,544,1137,1,0,30
17652,615,602,547,1138,1,0,30
17653,613,613,540,1138,1,0,30
17654,613,613,539,1138,1,0,30
17655,615,611,539,1138,1,0,30
17656,607,611,537,1138,1,0,30
17657,620,611,539,1139,1,0,30
17658,617,608,539,1138,1,0,30
17659,611,612,538,1138,1,0,30
17660,613,609,542,1141,1,0,30
17661,614,603,538,1141,1,0,30
17662,619,611,541,1140,1,0,30
17663,617,609,538,1139,1,0,30
17664,612,611,543,1140,1,0,30
17665,617,616,539,1140,0,0,30
17666,610,605,539,1137,0,0,30
17667,609,606,537,1137,0,0,30
17668,610,611,548,1137,0,0,30
17669,613,615,540,1139,0,0,30
17670,611,608,541,1140,0,0,30
17671,610,609,533,1139,0,0,30
17672,616,611,541,1138,0,0,30
17673,613,609,537,1140,0,0,30
17674,613,613,540,1137,0,0,30
17675,617,612,540,1138,0,0,30
17676,616,611,543,1132,0,0,30
17677,616,610,542,1143,0,0,30
17678,615,612,537,1139,0,0,30
17679,618,611,541,1136,0,0,30
17680,612,607,540,1138,0,0,30
17681,609,611,539,1136,0,0,30
17682,612,610,541,1139,0,0,30
17683,619,612,542,1134,0,0,30
17684,615,610,544,1140,0,0,30
17685,615,612,541,1141,0,0,30
17686,618,611,542,1139,0,0,30
17687,611,606,542,1137,0,0,30
17688,615,615,540,1139,0,0,30
17689,618,612,539,1138,0,0,30
17690,613,614,542,1138,0,0,30
17691,620,607,543,1138,0,0,30
17692,612,614,541,1135,0,0,30
17693,619,616,543,1132,0,0,30
17694,617,621,540,1138,0,0,30
17695,620,598,539,1139,0,0,30
17696,618,613,542,1140,0,0,30
17697,618,610,541,1139,0,0,30
17698,615,612,549,1139,0,0,30
17699,614,605,540,1140,0,0,30
17700,614,613,540,1136,1,0,30
17701,619,611,539,1141,1,0,30
17702,619,614,539,1142,1,0,30
17703,623,611,540,1141,1,0,30
17704,614,611,541,1142,1,0,30
17705,617,611,543,1144,1,0,30
17706,613,610,538,1138,1,0,30
17707,614,614,539,1140,1,0,30
17708,618,602,543,1140,1,0,30
17709,614,610,540,1141,1,0,30
17710,617,599,539,1139,1,0,30
17711,619,605,542,1139,1,0,30
17712,611,613,538,1145,1,0,30
17713,614,607,540,1142,1,0,30
17714,616,610,541,1140,1,0,30
17715,615,610,539,1138,0,0,30
17716,616,621,538,1138,0,0,30
17717,613,608,541,1138,0,0,30
17718,614,620,542,1140,0,0,30
17719,615,607,540,1140,0,0,30
17720,618,610,539,1138,0,0,30
17721,614,597,545,1139,0,0,30
17722,613,612,541,1141,0,0,30
17723,614,612,544,1137,0,0,30
17724,613,610,539,1136,0,0,30
17725,614,611,541,1139,0,0,30
17726,620,620,538,1139,0,0,30
17727,616,615,539,1142,0,0,30
17728,618,610,540,1146,0,0,30
17729,614,597,539,1139,0,0,30
17730,615,610,540,1140,0,0,30
17731,614,608,540,1140,0,0,30
17732,614,611,541,1139,0,0,30
17733,616,616,539,1142,0,0,30
17734,617,614,540,1140,0,0,30
17735,617,614,535,1142,0,0,30
17736,613,620,546,1143,0,0,30
17737,617,610,542,1137,0,0,30
17738,620,611,542,1140,0,0,30
17739,614,618,546,1138,0,0,30
17740,613,612,544,1139,0,0,30
17741,614,613,541,1143,0,0,30
17742,613,615,538,1138,0,0,30
17743,616,609,541,1138,0,0,30
17744,621,608,542,1137,0,0,30
17745,618,599,541,1138,0,0,30
17746,614,609,537,1141,0,0,30
17747,615,603,541,1138,0,0,30
17748,614,612,538,1139,0,0,30
17749,615,610,543,1136,0,0,30
17750,618,617,539,1139,1,0,30
17751,608,609,541,1140,1,0,30
17752,613,614,541,1136,1,0,30
17753,618,612,539,1140,1,0,30
17754,611,612,539,1139,1,0,30
17755,613,613,538,1140,1,0,30
17756,612,617,541,1147,1,0,30
17757,622,613,543,1138,1,0,30
17758,601,610,539,1138,1,0,30
17759,615,613,532,1140,1,0,30
17760,619,610,542,1140,1,0,30
17761,610,612,541,1140,1,0,30
17762,614,611,540,1140,1,0,30
17763,613,609,537,1140,1,0,30
17764,614,620,541,1138,1,0,30
17765,613,610,543,1143,0,0,30
17766,605,608,538,1143,0,0,30
17767,614,618,542,1135,0,0,30
17768,622,610,538,1135,0,0,30
17769,615,613,532,1144,0,0,30
17770,619,612,541,1137,0,0,30
17771,616,610,538,1137,0,0,30
17772,612,611,538,1138,0,0,30
17773,615,612,541,1134,0,0,30
17774,616,603,542,1136,0,0,30
17775,616,609,540,1140,0,0,30
17776,618,614,540,1138,0,0,30
17777,615,605,542,1137,0,0,30
17778,618,611,536,1138,0,0,30
17779,616,612,540,1139,0,0,30
17780,617,614,539,1137,0,0,30
17781,614,606,541,1138,0,0,30
17782,613,615,543,1140,0,0,30
17783,616,603,546,1136,0,0,30
17784,616,613,541,1140,0,0,30
17785,616,608,543,1137,0,0,30
17786,613,615,538,1136,0,0,30
17787,619,599,544,1140,0,0,30
17788,607,611,540,1140,0,0,30
17789,614,599,538,1140,0,0,30
17790,615,610,543,1141,0,0,30
17791,615,613,540,1137,0,0,30
17792,618,602,542,1139,0,0,30
17793,617,610,538,1140,0,0,30
17794,614,618,540,1137,0,0,30
17795,612,619,543,1134,0,0,30
17796,613,606,537,1147,0,0,30
17797,615,611,542,1138,0,0,30
17798,617,614,540,1140,0,0,30
17799,623,610,542,1138,0,0,30
17800,614,611,542,1140,1,0,30
17801,614,611,539,1140,1,0,30
17802,614,618,540,1139,1,0,30
17803,615,611,541,1139,1,0,30
17804,612,612,536,1138,1,0,30
17805,612,624,540,1141,1,0,30
17806,614,610,539,1143,1,0,30
17807,614,619,539,1137,1,0,30
17808,602,610,537,1139,1,0,30
17809,616,609,539,1142,1,0,30
17810,614,611,545,1140,1,0,30
17811,616,603,540,1140,1,0,30
17812,615,612,539,1138,1,0,30
17813,613,612,540,1141,1,0,30
17814,619,609,538,1139,1,0,30
17815,613,617,539,1138,0,0,30
17816,616,612,540,1140,0,0,30
17817,618,608,538,1143,0,0,30
17818,616,616,540,1139,0,0,30
17819,617,622,539,1142,0,0,30
17820,615,613,539,1139,0,0,30
17821,613,608,542,1139,0,0,30
17822,614,612,538,1136,0,0,30
17823,612,615,541,1139,0,0,30
17824,618,612,541,1140,0,0,30
17825,619,611,543,1136,0,0,30
17826,614,613,539,1136,0,0,30
17827,617,609,536,1139,0,0,30
17828,618,596,539,1140,0,0,30
17829,613,614,538,1139,0,0,30
17830,615,607,538,1138,0,0,30
17831,613,606,541,1141,0,0,30
17832,618,606,539,1138,0,0,30
17833,614,613,537,1138,0,0,30
17834,615,610,542,1141,0,0,30
17835,613,619,538,1138,0,0,30
17836,623,596,538,1139,0,0,30
17837,618,621,533,1138,0,0,30
17838,614,605,539,1141,0,0,30
17839,609,611,539,1138,0,0,30
17840,619,613,543,1141,0,0,30
17841,614,612,534,1138,0,0,30
17842,620,611,539,1139,0,0,30
17843,613,613,542,1136,0,0,30
17844,619,606,542,1136,0,0,30
17845,617,614,540,1134,0,0,30
17846,616,596,540,1138,0,0,30
17847,613,611,545,1139,0,0,30
17848,616,609,540,1144,0,0,30
17849,616,611,540,1139,0,0,30
17850,615,611,540,1139,1,0,30
17851,616,611,541,1138,1,0,30
17852,614,611,537,1140,1,0,30
17853,614,611,539,1137,1,0,30
17854,617,613,542,1130,1,0,30
17855,616,615,541,1137,1,0,30
17856,615,609,534,1137,1,0,30
17857,610,609,539,1137,1,0,30
17858,622,614,540,1141,1,0,30
17859,617,614,542,1141,1,0,30
17860,615,608,539,1139,1,0,30
17861,618,609,540,1142,1,0,30
17862,617,608,543,1135,1,0,30
17863,617,616,541,1138,1,0,30
17864,614,612,550,1141,1,0,30
17865,615,613,532,1139,0,0,30
17866,614,614,543,1140,0,0,30
17867,615,618,539,1138,0,0,30
17868,616,615,540,1140,0,0,30
17869,619,612,542,1140,0,0,30
17870,620,602,540,1139,0,0,30
17871,615,608,541,1140,0,0,30
17872,615,608,544,1141,0,0,30
17873,616,615,542,1139,0,0,30
17874,612,614,537,1132,0,0,30
17875,617,610,538,1138,0,0,30
17876,616,608,540,1140,0,0,30
17877,615,611,541,1138,0,0,30
17878,619,613,541,1140,0,0,30
17879,615,614,540,1139,0,0,30
17880,621,611,537,1139,0,0,30
17881,616,609,540,1144,0,0,30
17882,623,611,536,1137,0,0,30
17883,616,620,541,1138,0,0,30
17884,619,613,539,1144,0,0,30
17885,614,610,542,1140,0,0,30
17886,618,613,537,1141,0,0,30
17887,620,618,541,1140,0,0,30
17888,612,611,538,1139,0,0,30
17889,616,613,541,1148,0,0,30
17890,610,609,536,1141,0,0,30
17891,616,614,539,1139,0,0,30
17892,623,614,543,1140,0,0,30
17893,616,616,540,1140,0,0,30
17894,615,611,540,1142,0,0,30
17895,618,614,544,1140,0,0,30
17896,616,614,540,1141,0,0,30
17897,619,613,543,1138,0,0,30
17898,615,610,539,1140,0,0,30
17899,619,600,538,1140,0,0,30
17900,620,610,540,1137,1,0,30
17901,618,610,536,1137,1,0,30
17902,618,610,541,1143,1,0,30
17903,608,617,538,1141,1,0,30
17904,619,612,539,1138,1,0,30
17905,615,606,547,1140,1,0,30
17906,613,610,542,1138,1,0,30
17907,615,630,539,1139,1,0,30
17908,612,608,541,1138,1,0,30
17909,615,614,544,1141,1,0,30
17910,630,609,540,1140,1,0,30
17911,618,612,540,1140,1,0,30
17912,614,616,541,1139,1,0,30
17913,616,611,541,1141,1,0,30
17914,616,608,538,1140,1,0,30
17915,621,606,539,1138,0,0,30
17916,618,615,535,1139,0,0,30
17917,618,611,541,1152,0,0,30
17918,617,610,538,1135,0,0,30
17919,616,608,539,1141,0,0,30
17920,609,616,540,1136,0,0,30
17921,614,613,539,1139,0,0,30
17922,614,609,540,1141,0,0,30
17923,616,607,540,1136,0,0,30
17924,609,616,539,1141,0,0,30
17925,616,610,540,1137,0,0,30
17926,618,612,539,1140,0,0,30
17927,608,615,541,1141,0,0,30
17928,616,601,537,1138,0,0,30
17929,612,608,540,1138,0,0,30
17930,615,614,541,1139,0,0,30
17931,618,610,540,1142,0,0,30
17932,615,608,536,1139,0,0,30
17933,617,607,541,1139,0,0,30
17934,617,612,541,1138,0,0,30
17935,615,609,540,1139,0,0,30
17936,616,611,538,1142,0,0,30
17937,615,614,544,1139,0,0,30
17938,600,612,539,1137,0,0,30
17939,605,608,542,1136,0,0,30
17940,619,612,538,1138,0,0,30
17941,616,609,543,1140,0,0,30
17942,615,615,539,1140,0,0,30
17943,617,614,543,1139,0,0,30
17944,618,621,545,1139,0,0,30
17945,614,624,541,1139,0,0,30
17946,616,612,539,1134,0,0,30
17947,616,608,543,1139,0,0,30
17948,611,612,539,1140,0,0,30
17949,618,612,542,1144,0,0,30
17950,617,619,540,1141,1,0,30
17951,611,614,540,1140,1,0,30
17952,616,614,540,1140,1,0,30
17953,606,618,537,1138,1,0,30
17954,616,613,540,1141,1,0,30
17955,613,612,540,1137,1,0,30
17956,613,608,540,1141,1,0,30
17957,616,614,539,1143,1,0,30
17958,617,614,539,1139,1,0,30
17959,613,612,545,1139,1,0,30
17960,614,615,540,1143,1,0,30
17961,612,612,538,1139,1,0,30
17962,617,611,540,1139,1,0,30
17963,616,614,534,1137,1,0,30
17964,613,617,536,1136,1,0,30
17965,616,604,538,1140,0,0,30
17966,610,609,540,1139,0,0,30
17967,624,612,542,1142,0,0,30
17968,620,611,532,1140,0,0,30
17969,612,599,540,1138,0,0,30
17970,615,609,539,1135,0,0,30
17971,612,611,539,1139,0,0,30
17972,618,610,540,1142,0,0,30
17973,616,617,539,1137,0,0,30
17974,617,619,540,1141,0,0,30
17975,617,610,541,1139,0,0,30
17976,620,612,538,1140,0,0,30
17977,614,606,540,1139,0,0,30
17978,618,616,539,1140,0,0,30
17979,619,609,540,1140,0,0,30
17980,609,599,539,1137,0,0,30
17981,613,610,537,1138,0,0,30
17982,614,612,540,1141,0,0,30
17983,620,610,541,1139,0,0,30
17984,613,610,543,1139,0,0,30
17985,618,624,540,1139,0,0,30
17986,618,612,542,1139,0,0,30
17987,616,616,538,1139,0,0,30
17988,619,617,540,1127,0,0,30
17989,617,613,538,1138,0,0,30
17990,618,602,541,1137,0,0,30
17991,616,618,541,1134,0,0,30
17992,622,616,540,1139,0,0,30
17993,616,610,540,1140,0,0,30
17994,614,610,538,1138,0,0,30
17995,611,611,541,1133,0,0,30
17996,613,614,538,1137,0,0,30
17997,618,613,540,1135,0,0,30
17998,605,615,540,1139,0,0,30
17999,618,612,540,1143,0,0,30
18000,605,608,539,1139,1,0,30
18001,615,612,547,1151,1,0,30
18002,620,611,542,1136,1,0,30
18003,618,607,535,1140,1,0,30
18004,617,611,540,1140,1,0,30
18005,617,610,539,1140,1,0,30
18006,617,610,539,1138,1,0,30
18007,617,617,538,1147,1,0,30
18008,615,611,541,1141,1,0,30
18009,613,611,541,1139,1,0,30
18010,615,610,537,1142,1,0,30
18011,616,617,540,1140,1,0,30
18012,615,610,538,1139,1,0,30
18013,613,607,539,1136,1,0,30
18014,611,612,541,1142,1,0,30
18015,612,610,540,1141,0,0,30
18016,619,610,538,1138,0,0,30
18017,616,611,541,1138,0,0,30
18018,613,612,538,1140,0,0,30
18019,618,616,539,1138,0,0,30
18020,611,612,540,1140,0,0,30
18021,613,614,540,1141,0,0,30
18022,608,614,539,1137,0,0,30
18023,621,617,542,1139,0,0,30
18024,617,612,544,1138,0,0,30
18025,619,613,540,1139,0,0,30
18026,614,619,546,1134,0,0,30
18027,615,611,539,1141,0,0,30
18028,616,611,541,1139,0,0,30
18029,616,611,542,1140,0,0,30
18030,615,618,539,1142,0,0,30
18031,618,613,540,1140,0,0,30
18032,619,614,538,1141,0,0,30
18033,613,609,539,1136,0,0,30
18034,614,613,542,1136,0,0,30
18035,613,613,541,1140,0,0,30
18036,617,614,538,1140,0,0,30
18037,614,615,542,1141,0,0,30
18038,614,609,534,1139,0,0,30
18039,616,614,539,1134,0,0,30
18040,610,611,537,1139,0,0,30
18041,613,604,539,1139,0,0,30
18042,628,612,537,1139,0,0,30
18043,614,608,537,1139,0,0,30
18044,616,615,539,1136,0,0,30
18045,616,614,540,1141,0,0,30
18046,615,616,540,1126,0,0,30
18047,611,611,539,1138,0,0,30
18048,614,609,536,1140,0,0,30
18049,617,612,542,1139,0,0,30
18050,613,614,541,1137,1,0,30
18051,620,607,541,1136,1,0,30
18052,612,610,539,1143,1,0,30
18053,610,609,539,1138,1,0,30
18054,614,612,541,1137,1,0,30
18055,623,611,541,1139,1,0,30
18056,619,608,544,1141,1,0,30
18057,616,611,543,1137,1,0,30
18058,616,610,539,1138,1,0,30
18059,615,613,540,1139,1,0,30
18060,614,611,540,1140,1,0,30
18061,596,610,539,1139,1,0,30
18062,615,611,538,1144,1,0,30
18063,616,607,539,1138,1,0,30
18064,623,613,542,1137,1,0,30
18065,617,613,538,1142,0,0,30
18066,613,615,543,1136,0,0,30
18067,614,609,538,1136,0,0,30
18068,613,603,545,1138,0,0,30
18069,613,611,540,1140,0,0,30
18070,623,612,539,1135,0,0,30
18071,613,612,542,1137,0,0,30
18072,618,614,539,1136,0,0,30
18073,619,613,543,1139,0,0,30
18074,614,616,542,1142,0,0,30
18075,616,609,538,1138,0,0,30
18076,622,610,537,1140,0,0,30
18077,616,611,541,1139,0,0,30
18078,614,609,539,1141,0,0,30
18079,614,616,540,1139,0,0,30
18080,613,612,539,1138,0,0,30
18081,622,613,542,1137,0,0,30
18082,616,612,539,1136,0,0,30
18083,615,607,540,1138,0,0,30
18084,617,610,536,1139,0,0,30
18085,614,605,539,1138,0,0,30
18086,616,609,541,1141,0,0,30
18087,617,612,538,1136,0,0,30
18088,615,613,546,1140,0,0,30
18089,615,602,541,1138,0,0,30
18090,617,612,545,1139,0,0,30
18091,615,611,539,1135,0,0,30
18092,619,614,539,1140,0,0,30
18093,614,616,538,1138,0,0,30
18094,615,619,539,1138,0,0,30
18095,618,618,542,1142,0,0,30
18096,618,610,539,1139,0,0,30
18097,611,615,542,1141,0,0,30
18098,616,612,540,1140,0,0,30
18099,620,605,539,1140,0,0,30
18100,616,611,539,1140,1,0,30
18101,611,610,537,1140,1,0,30
18102,609,616,540,1139,1,0,30
18103,615,611,532,1139,1,0,30
18104,619,614,543,1148,1,0,30
18105,614,609,541,1138,1,0,30
18106,615,608,540,1139,1,0,30
18107,614,606,541,1140,1,0,30
18108,613,607,541,1140,1,0,30
18109,617,613,540,1140,1,0,30
18110,611,617,542,1140,1,0,30
18111,610,606,540,1140,1,0,30
18112,616,627,540,1142,1,0,30
18113,617,600,540,1139,1,0,30
18114,612,603,539,1139,1,0,30
18115,616,613,538,1141,0,0,30
18116,617,625,539,1140,0,0,30
18117,613,611,542,1139,0,0,30
18118,613,609,539,1139,0,0,30
18119,613,612,537,1143,0,0,30
18120,617,607,540,1139,0,0,30
18121,616,612,538,1143,0,0,30
18122,616,611,545,1138,0,0,30
18123,623,611,541,1142,0,0,30
18124,610,614,542,1137,0,0,30
18125,617,613,541,1139,0,0,30
18126,617,616,538,1138,0,0,30
18127,619,615,541,1136,0,0,30
18128,620,613,538,1139,0,0,30
18129,618,609,537,1139,0,0,30
18130,621,611,542,1138,0,0,30
18131,621,617,540,1140,0,0,30
18132,614,610,539,1140,0,0,30
18133,614,613,538,1138,0,0,30
18134,618,610,539,1139,0,0,30
18135,613,611,540,1139,0,0,30
18136,612,614,540,1143,0,0,30
18137,613,598,538,1137,0,0,30
18138,615,607,539,1132,0,0,30
18139,622,610,538,1138,0,0,30
18140,623,613,538,1141,0,0,30
18141,616,610,539,1139,0,0,30
18142,619,612,539,1139,0,0,30
18143,611,615,538,1140,0,0,30
18144,613,613,543,1139,0,0,30
18145,608,616,532,1131,0,0,30
18146,619,613,537,1139,0,0,30
18147,620,612,541,1140,0,0,30
18148,617,611,541,1139,0,0,30
18149,612,612,542,1137,0,0,30
18150,617,620,541,1138,1,0,30
18151,608,609,540,1130,1,0,30
18152,611,607,539,1137,1,0,30
18153,616,611,537,1140,1,0,30
18154,618,608,538,1143,1,0,30
18155,612,604,540,1138,1,0,30
18156,615,612,540,1139,1,0,30
18157,613,610,540,1138,1,0,30
18158,616,615,536,1138,1,0,30
18159,615,609,539,1138,1,0,30
18160,614,593,538,1138,1,0,30
18161,616,613,541,1139,1,0,30
18162,614,607,539,1146,1,0,30
18163,613,614,540,1139,1,0,30
18164,613,607,535,1141,1,0,30
18165,621,613,543,1136,0,0,30
18166,611,613,536,1142,0,0,30
18167,615,607,539,1143,0,0,30
18168,614,610,541,1143,0,0,30
18169,614,609,540,1143,0,0,30
18170,616,613,536,1138,0,0,30
18171,614,611,541,1138,0,0,30
18172,614,609,541,1136,0,0,30
18173,617,609,541,1138,0,0,30
18174,617,599,541,1137,0,0,30
18175,613,620,538,1139,0,0,30
18176,619,612,541,1147,0,0,30
18177,614,611,541,1138,0,0,30
18178,616,614,539,1137,0,0,30
18179,616,610,542,1141,0,0,30
18180,616,610,541,1141,0,0,30
18181,622,604,541,1136,0,0,30
18182,615,607,539,1140,0,0,30
18183,614,611,539,1136,0,0,30
18184,615,610,541,1141,0,0,30
18185,609,612,539,1141,0,0,30
18186,615,609,541,1139,0,0,30
18187,617,599,539,1140,0,0,30
18188,615,607,539,1140,0,0,30
18189,620,620,544,1137,0,0,30
18190,621,602,540,1137,0,0,30
18191,620,603,540,1138,0,0,30
18192,612,613,541,1141,0,0,30
18193,615,607,538,1137,0,0,30
18194,617,612,544,1139,0,0,30
18195,618,624,540,1141,0,0,30
18196,617,611,538,1141,0,0,30
18197,614,609,530,1137,0,0,30
18198,615,613,539,1142,0,0,30
18199,612,621,538,1138,0,0,30
18200,618,610,541,1139,1,0,30
18201,616,608,538,1139,1,0,30
18202,617,616,540,1141,1,0,30
18203,613,610,541,1138,1,0,30
18204,612,607,540,1136,1,0,30
18205,619,603,543,1140,1,0,30
18206,620,616,538,1141,1,0,30
18207,614,611,537,1142,1,0,30
18208,624,607,539,1141,1,0,30
18209,616,612,538,1136,1,0,30
18210,618,608,540,1139,1,0,30
18211,614,607,540,1138,1,0,30
18212,610,611,540,1139,1,0,30
18213,615,611,538,1143,1,0,30
18214,616,611,541,1138,1,0,30
18215,623,619,540,1141,0,0,30
18216,616,613,539,1138,0,0,30
18217,625,611,541,1144,0,0,30
18218,614,609,539,1140,0,0,30
18219,613,612,538,1137,0,0,30
18220,614,610,539,1137,0,0,30
18221,615,611,540,1138,0,0,30
18222,612,608,540,1138,0,0,30
18223,615,613,541,1142,0,0,30
18224,617,614,543,1138,0,0,30
18225,616,603,538,1140,0,0,30
18226,616,614,542,1138,0,0,30
18227,615,613,544,1141,0,0,30
18228,616,603,544,1139,0,0,30
18229,617,620,542,1140,0,0,30
18230,612,612,539,1139,0,0,30
18231,616,613,539,1141,0,0,30
18232,617,609,541,1141,0,0,30
18233,613,611,542,1140,0,0,30
18234,613,613,540,1139,0,0,30
18235,611,619,539,1141,0,0,30
18236,619,607,538,1139,0,0,30
18237,601,609,534,1137,0,0,30
18238,617,613,539,1140,0,0,30
18239,618,620,542,1139,0,0,30
18240,620,612,540,1140,0,0,30
18241,616,627,543,1140,0,0,30
18242,622,615,538,1139,0,0,30
18243,613,612,542,1138,0,0,30
18244,612,608,538,1140,0,0,30
18245,619,612,542,1142,0,0,30
18246,616,615,537,1140,0,0,30
18247,612,607,543,1137,0,0,30
18248,615,605,540,1141,0,0,30
18249,620,615,542,1137,0,0,30
18250,624,612,540,1141,1,0,30
18251,610,609,538,1140,1,0,30
18252,615,601,539,1139,1,0,30
18253,619,613,541,1140,1,0,30
18254,617,611,539,1135,1,0,30
18255,612,605,539,1138,1,0,30
18256,620,611,541,1140,1,0,30
18257,621,614,538,1147,1,0,30
18258,612,605,540,1139,1,0,30
18259,618,613,541,1142,1,0,30
18260,609,617,542,1137,1,0,30
18261,613,604,540,1139,1,0,30
18262,614,613,540,1139,1,0,30
18263,613,610,541,1138,1,0,30
18264,616,597,540,1144,1,0,30
18265,617,613,540,1136,0,0,30
18266,618,613,537,1144,0,0,30
18267,614,611,543,1136,0,0,30
18268,612,595,539,1137,0,0,30
18269,614,590,537,1135,0,0,30
18270,621,615,540,1137,0,0,30
18271,611,614,541,1136,0,0,30
18272,620,611,544,1138,0,0,30
18273,618,614,539,1139,0,0,30
18274,615,599,541,1135,0,0,30
18275,620,608,541,1135,0,0,30
18276,606,614,541,1136,0,0,30
18277,613,612,543,1138,0,0,30
18278,616,610,544,1139,0,0,30
18279,615,613,542,1140,0,0,30
18280,629,610,539,1140,0,0,30
18281,618,600,540,1138,0,0,30
18282,627,607,539,1137,0,0,30
18283,614,625,541,1138,0,0,30
18284,619,628,537,1140,0,0,30
18285,616,612,538,1139,0,0,30
18286,615,615,541,1135,0,0,30
18287,614,611,542,1138,0,0,30
18288,615,610,538,1139,0,0,30
18289,616,604,541,1141,0,0,30
18290,616,609,537,1138,0,0,30
18291,613,607,538,1140,0,0,30
18292,613,612,544,1141,0,0,30
18293,616,612,540,1138,0,0,30
18294,617,595,537,1139,0,0,30
18295,616,604,541,1138,0,0,30
18296,618,612,542,1142,0,0,30
18297,610,614,541,1139,0,0,30
18298,617,614,539,1142,0,0,30
18299,621,610,539,1134,0,0,30
18300,610,611,538,1141,1,0,30
18301,612,610,542,1136,1,0,30
18302,618,613,536,1140,1,0,30
18303,614,607,537,1141,1,0,30
18304,614,610,541,1148,1,0,30
18305,619,611,539,1139,1,0,30
18306,609,612,539,1137,1,0,30
18307,613,608,539,1138,1,0,30
18308,613,612,546,1137,1,0,30
18309,614,616,543,1139,1,0,30
18310,609,611,538,1138,1,0,30
18311,614,612,538,1139,1,0,30
18312,618,603,540,1140,1,0,30
18313,618,620,539,1135,1,0,30
18314,617,610,536,1142,1,0,30
18315,616,612,539,1135,0,0,30
18316,614,609,539,1142,0,0,30
18317,611,611,540,1143,0,0,30
18318,615,611,537,1139,0,0,30
18319,627,615,540,1141,0,0,30
18320,620,610,539,1141,0,0,30
18321,620,611,540,1139,0,0,30
18322,616,611,541,1140,0,0,30
18323,613,602,541,1150,0,0,30
18324,605,608,542,1138,0,0,30
18325,621,612,537,1143,0,0,30
18326,617,625,539,1140,0,0,30
18327,612,610,541,1137,0,0,30
18328,616,618,538,1138,0,0,30
18329,617,614,536,1138,0,0,30
18330,614,608,535,1137,0,0,30
18331,614,613,541,1140,0,0,30
18332,614,614,543,1139,0,0,30
18333,611,610,535,1138,0,0,30
18334,617,612,541,1137,0,0,30
18335,619,613,541,1141,0,0,30
18336,618,611,542,1139,0,0,30
18337,616,610,542,1137,0,0,30
18338,618,611,538,1141,0,0,30
18339,620,608,539,1136,0,0,30
18340,615,610,536,1137,0,0,30
18341,624,610,539,1139,0,0,30
18342,619,613,543,1139,0,0,30
18343,617,611,540,1139,0,0,30
18344,613,611,540,1137,0,0,30
18345,610,614,539,1138,0,0,30
18346,620,621,539,1140,0,0,30
18347,629,612,542,1140,0,0,30
18348,612,604,539,1141,0,0,30
18349,615,612,543,1137,0,0,30
18350,615,610,538,1140,1,0,30
18351,615,611,540,1139,1,0,30
18352,623,611,538,1140,1,0,30
18353,617,604,541,1139,1,0,30
18354,621,611,541,1139,1,0,30
18355,612,607,540,1139,1,0,30
18356,612,613,542,1137,1,0,30
18357,614,609,543,1140,1,0,30
18358,614,610,537,1142,1,0,30
18359,616,608,540,1137,1,0,30
18360,610,611,543,1141,1,0,30
18361,616,608,539,1134,1,0,30
18362,615,614,538,1138,1,0,30
18363,614,597,538,1140,1,0,30
18364,615,601,539,1140,1,0,30
18365,615,612,539,1142,0,0,30
18366,620,608,539,1139,0,0,30
18367,612,614,534,1138,0,0,30
18368,620,617,538,1141,0,0,30
18369,616,610,541,1136,0,0,30
18370,620,612,539,1139,0,0,30
18371,618,617,541,1139,0,0,30
18372,617,611,542,1134,0,0,30
18373,612,610,545,1141,0,0,30
18374,610,606,539,1137,0,0,30
18375,622,612,540,1139,0,0,30
18376,616,611,540,1140,0,0,30
18377,619,596,537,1139,0,0,30
18378,615,617,542,1138,0,0,30
18379,611,610,539,1138,0,0,30
18380,620,611,540,1137,0,0,30
18381,613,613,540,1139,0,0,30
18382,613,612,538,1139,0,0,30
18383,617,612,540,1140,0,0,30
18384,617,612,540,1137,0,0,30
18385,617,612,540,1139,0,0,30
18386,620,612,539,1138,0,0,30
18387,615,607,542,1137,0,0,30
18388,618,606,540,1142,0,0,30
18389,620,612,539,1136,0,0,30
18390,616,612,545,1138,0,0,30
18391,616,610,541,1136,0,0,30
18392,616,607,536,1140,0,0,30
18393,613,613,539,1136,0,0,30
18394,606,609,538,1140,0,0,30
18395,620,613,541,1139,0,0,30
18396,616,613,538,1140,0,0,30
18397,619,606,543,1138,0,0,30
18398,606,611,540,1140,0,0,30
18399,609,612,538,1135,0,0,30
18400,612,610,541,1140,1,0,30
18401,612,612,538,1140,1,0,30
18402,614,615,538,1139,1,0,30
18403,613,619,540,1139,1,0,30
18404,616,605,538,1140,1,0,30
18405,620,610,540,1142,1,0,30
18406,614,612,540,1142,1,0,30
18407,613,611,540,1133,1,0,30
18408,609,605,539,1133,1,0,30
18409,615,613,540,1140,1,0,30
18410,619,606,540,1140,1,0,30
18411,617,618,538,1138,1,0,30
18412,616,608,540,1133,1,0,30
18413,615,607,539,1140,1,0,30
18414,619,601,541,1139,1,0,30
18415,620,609,535,1139,0,0,30
18416,615,610,542,1139,0,0,30
18417,617,607,539,1134,0,0,30
18418,616,610,538,1139,0,0,30
18419,614,610,538,1143,0,0,30
18420,618,611,537,1142,0,0,30
18421,618,612,534,1138,0,0,30
18422,615,611,542,1141,0,0,30
18423,614,611,540,1143,0,0,30
18424,610,608,540,1139,0,0,30
18425,614,614,540,1141,0,0,30
18426,614,614,540,1141,0,0,30
18427,620,611,538,1139,0,0,30
18428,614,611,540,1136,0,0,30
18429,621,611,537,1138,0,0,30
18430,615,607,537,1142,0,0,30
18431,612,613,539,1138,0,0,30
18432,611,606,538,1134,0,0,30
18433,616,612,541,1137,0,0,30
18434,610,610,539,1139,0,0,30
18435,617,612,537,1139,0,0,30
18436,618,614,537,1138,0,0,30
18437,616,611,542,1138,0,0,30
18438,621,612,539,1128,0,0,30
18439,615,611,537,1139,0,0,30
18440,614,609,539,1139,0,0,30
18441,627,609,540,1141,0,0,30
18442,623,610,546,1141,0,0,30
18443,617,610,540,1142,0,0,30
18444,617,615,543,1139,0,0,30
18445,626,614,543,1138,0,0,30
18446,610,605,540,1137,0,0,30
18447,615,608,544,1139,0,0,30
18448,615,608,540,1139,0,0,30
18449,617,613,539,1140,0,0,30
18450,617,615,537,1148,1,0,30
18451,620,612,539,1140,1,0,30
18452,616,610,543,1138,1,0,30
18453,616,611,541,1137,1,0,30
18454,614,611,538,1137,1,0,30
18455,609,613,538,1141,1,0,30
18456,609,617,540,1139,1,0,30
18457,618,613,541,1137,1,0,30
18458,617,607,538,1140,1,0,30
18459,613,612,545,1136,1,0,30
18460,614,613,539,1141,1,0,30
18461,617,610,540,1140,1,0,30
18462,614,611,540,1138,1,0,30
18463,615,612,540,1138,1,0,30
18464,611,614,540,1148,1,0,30
18465,619,613,540,1141,0,0,30
18466,614,617,533,1139,0,0,30
18467,616,609,540,1139,0,0,30
18468,610,611,537,1138,0,0,30
18469,617,615,544,1138,0,0,30
18470,617,612,542,1138,0,0,30
18471,614,613,540,1139,0,0,30
18472,610,611,542,1139,0,0,30
18473,618,613,537,1137,0,0,30
18474,616,615,540,1139,0,0,30
18475,615,616,538,1139,0,0,30
18476,619,609,540,1136,0,0,30
18477,618,609,544,1138,0,0,30
18478,619,615,540,1138,0,0,30
18479,611,613,541,1139,0,0,30
18480,618,615,540,1140,0,0,30
18481,614,612,539,1138,0,0,30
18482,614,611,541,1134,0,0,30
18483,614,608,539,1137,0,0,30
18484,617,611,544,1136,0,0,30
18485,620,611,542,1138,0,0,30
18486,618,609,539,1139,0,0,30
18487,619,606,539,1138,0,0,30
18488,614,611,540,1139,0,0,30
18489,615,612,538,1135,0,0,30
18490,612,613,539,1134,0,0,30
18491,624,600,538,1135,0,0,30
18492,619,610,540,1138,0,0,30
18493,614,612,539,1138,0,0,30
18494,619,612,538,1138,0,0,30
18495,616,616,537,1138,0,0,30
18496,610,608,541,1139,0,0,30
18497,619,624,540,1137,0,0,30
18498,616,612,536,1139,0,0,30
18499,616,613,539,1143,0,0,30
18500,620,610,539,1139,1,0,30
18501,613,608,540,1138,1,0,30
18502,615,607,538,1139,1,0,30
18503,614,611,539,1137,1,0,30
18504,617,619,540,1137,1,0,30
18505,613,601,542,1137,1,0,30
18506,627,611,537,1139,1,0,30
18507,615,619,546,1137,1,0,30
18508,615,612,538,1138,1,0,30
18509,616,608,538,1141,1,0,30
18510,619,621,542,1138,1,0,30
18511,615,606,537,1143,1,0,30
18512,614,623,540,1143,1,0,30
18513,619,608,541,1142,1,0,30
18514,610,623,539,1140,1,0,30
18515,614,608,541,1140,0,0,30
18516,616,610,539,1139,0,0,30
18517,618,610,539,1143,0,0,30
18518,613,612,539,1141,0,0,30
18519,618,615,542,1140,0,0,30
18520,616,599,539,1135,0,0,30
18521,615,611,539,1148,0,0,30
18522,615,612,541,1132,0,0,30
18523,616,607,538,1137,0,0,30
18524,606,608,538,1139,0,0,30
18525,621,616,545,1135,0,0,30
18526,621,606,543,1138,0,0,30
18527,616,615,539,1138,0,0,30
18528,614,612,541,1138,0,0,30
18529,607,609,539,1138,0,0,30
18530,615,612,541,1139,0,0,30
18531,612,608,541,1138,0,0,30
18532,619,612,541,1133,0,0,30
18533,612,611,544,1137,0,0,30
18534,616,613,537,1138,0,0,30
18535,622,608,539,1137,0,0,30
18536,618,609,539,1139,0,0,30
18537,615,611,539,1140,0,0,30
18538,614,613,538,1133,0,0,30
18539,622,608,537,1142,0,0,30
18540,614,606,539,1138,0,0,30
18541,621,612,542,1137,0,0,30
18542,620,614,539,1136,0,0,30
18543,619,612,539,1139,0,0,30
18544,612,613,541,1140,0,0,30
18545,616,622,541,1140,0,0,30
18546,619,612,546,1141,0,0,30
18547,626,614,540,1139,0,0,30
18548,619,605,542,1143,0,0,30
18549,615,609,540,1139,0,0,30
18550,612,607,536,1141,1,0,30
18551,616,610,538,1136,1,0,30
18552,617,619,539,1139,1,0,30
18553,613,612,537,1138,1,0,30
18554,612,605,534,1135,1,0,30
18555,617,609,537,1142,1,0,30
18556,616,609,542,1138,1,0,30
18557,612,611,539,1139,1,0,30
18558,613,613,535,1133,1,0,30
18559,612,605,539,1127,1,0,30
18560,614,611,539,1140,1,0,30
18561,613,610,539,1137,1,0,30
18562,622,607,541,1137,1,0,30
18563,617,616,537,1140,1,0,30
18564,615,613,541,1140,1,0,30
18565,614,609,541,1138,0,0,30
18566,612,611,540,1133,0,0,30
18567,614,613,541,1140,0,0,30
18568,620,608,541,1139,0,0,30
18569,614,617,540,1136,0,0,30
18570,613,610,540,1135,0,0,30
18571,616,609,539,1138,0,0,30
18572,613,616,539,1141,0,0,30
18573,616,612,535,1136,0,0,30
18574,617,610,542,1139,0,0,30
18575,616,611,539,1141,0,0,30
18576,620,616,541,1138,0,0,30
18577,615,615,540,1137,0,0,30
18578,617,612,542,1139,0,0,30
18579,618,611,541,1138,0,0,30
18580,619,610,542,1139,0,0,30
18581,609,610,541,1137,0,0,30
18582,618,599,540,1139,0,0,30
18583,614,604,539,1140,0,0,30
18584,611,614,542,1136,0,0,30
18585,613,613,537,1137,0,0,30
18586,613,608,544,1140,0,0,30
18587,612,611,541,1133,0,0,30
18588,612,609,542,1138,0,0,30
18589,613,609,540,1139,0,0,30
18590,614,610,537,1139,0,0,30
18591,617,608,540,1137,0,0,30
18592,618,607,540,1140,0,0,30
18593,613,611,541,1141,0,0,30
18594,608,613,539,1140,0,0,30
18595,622,618,542,1137,0,0,30
18596,616,611,545,1137,0,0,30
18597,614,611,541,1139,0,0,30
18598,618,612,541,1145,0,0,30
18599,616,617,543,1141,0,0,30
18600,619,614,542,1143,1,0,30
18601,618,611,539,1139,1,0,30
18602,601,610,540,1138,1,0,30
18603,613,606,538,1141,1,0,30
18604,619,610,539,1138,1,0,30
18605,611,608,540,1140,1,0,30
18606,614,610,549,1138,1,0,30
18607,619,609,540,1135,1,0,30
18608,610,612,539,1140,1,0,30
18609,613,610,544,1140,1,0,30
18610,627,623,539,1139,1,0,30
18611,611,602,537,1139,1,0,30
18612,611,612,540,1142,1,0,30
18613,614,607,540,1140,1,0,30
18614,612,611,540,1142,1,0,30
18615,614,607,540,1137,0,0,30
18616,618,611,541,1137,0,0,30
18617,616,611,540,1138,0,0,30
18618,621,615,541,1143,0,0,30
18619,614,594,542,1139,0,0,30
18620,619,610,539,1137,0,0,30
18621,599,613,538,1139,0,0,30
18622,614,615,540,1143,0,0,30
18623,613,610,538,1137,0,0,30
18624,616,611,544,1141,0,0,30
18625,619,612,534,1129,0,0,30
18626,617,609,542,1137,0,0,30
18627,616,613,533,1139,0,0,30
18628,616,607,538,1139,0,0,30
18629,617,615,538,1134,0,0,30
18630,613,611,539,1139,0,0,30
18631,614,615,541,1140,0,0,30
18632,621,614,540,1137,0,0,30
18633,612,614,538,1138,0,0,30
18634,619,611,540,1139,0,0,30
18635,615,612,537,1141,0,0,30
18636,619,604,542,1136,0,0,30
18637,618,609,539,1138,0,0,30
18638,617,611,537,1140,0,0,30
18639,614,607,539,1129,0,0,30
18640,609,615,532,1140,0,0,30
18641,618,613,543,1138,0,0,30
18642,614,614,541,1138,0,0,30
18643,615,612,543,1142,0,0,30
18644,611,612,543,1140,0,0,30
18645,616,611,540,1138,0,0,30
18646,614,611,541,1139,0,0,30
18647,610,612,539,1139,0,0,30
18648,615,613,539,1141,0,0,30
18649,615,614,538,1137,0,0,30
18650,607,609,536,1139,1,0,30
18651,616,612,539,1140,1,0,30
18652,618,610,539,1142,1,0,30
18653,616,615,540,1138,1,0,30
18654,618,618,541,1139,1,0,30
18655,613,608,538,1133,1,0,30
18656,616,610,540,1140,1,0,30
18657,614,608,538,1138,1,0,30
18658,618,615,538,1136,1,0,30
18659,614,613,540,1140,1,0,30
18660,616,611,535,1138,1,0,30
18661,611,612,537,1141,1,0,30
18662,621,613,540,1141,1,0,30
18663,612,613,540,1139,1,0,30
18664,611,616,540,1138,1,0,30
18665,613,613,543,1142,0,0,30
18666,618,604,539,1138,0,0,30
18667,616,617,542,1141,0,0,30
18668,613,613,535,1138,0,0,30
18669,624,613,541,1138,0,0,30
18670,616,612,542,1140,0,0,30
18671,615,611,542,1139,0,0,30
18672,614,610,540,1134,0,0,30
18673,615,611,541,1136,0,0,30
18674,620,613,539,1140,0,0,30
18675,617,608,536,1138,0,0,30
18676,619,605,545,1133,0,0,30
18677,620,610,541,1129,0,0,30
18678,617,612,541,1139,0,0,30
18679,609,610,539,1139,0,0,30
18680,615,607,539,1140,0,0,30
18681,621,614,541,1145,0,0,30
18682,617,613,541,1137,0,0,30
18683,615,604,542,1139,0,0,30
18684,617,611,540,1137,0,0,30
18685,616,612,536,1138,0,0,30
18686,619,619,538,1137,0,0,30
18687,613,615,538,1141,0,0,30
18688,612,612,539,1138,0,0,30
18689,620,609,541,1142,0,0,30
18690,613,609,539,1136,0,0,30
18691,615,613,541,1137,0,0,30
18692,615,613,542,1138,0,0,30
18693,618,609,542,1140,0,0,30
18694,615,610,540,1138,0,0,30
18695,615,612,543,1137,0,0,30
18696,613,615,538,1140,0,0,30
18697,621,611,539,1137,0,0,30
18698,618,612,541,1138,0,0,30
18699,619,606,542,1139,0,0,30
18700,620,605,539,1137,1,0,30
18701,620,618,539,1137,1,0,30
18702,610,611,542,1141,1,0,30
18703,619,612,538,1137,1,0,30
18704,616,609,543,1139,1,0,30
18705,613,609,535,1141,1,0,30
18706,616,611,541,1140,1,0,30
18707,617,591,541,1141,1,0,30
18708,615,614,540,1136,1,0,30
18709,618,614,540,1141,1,0,30
18710,619,612,539,1139,1,0,30
18711,614,614,538,1141,1,0,30
18712,615,611,540,1139,1,0,30
18713,616,611,543,1140,1,0,30
18714,612,611,538,1143,1,0,30
18715,617,614,540,1140,0,0,30
18716,612,613,541,1136,0,0,30
18717,618,610,538,1139,0,0,30
18718,628,611,539,1142,0,0,30
18719,617,614,543,1138,0,0,30
18720,616,615,541,1139,0,0,30
18721,620,612,539,1143,0,0,30
18722,614,611,539,1142,0,0,30
18723,624,613,543,1138,0,0,30
18724,623,612,540,1141,0,0,30
18725,620,612,539,1139,0,0,30
18726,619,614,539,1139,0,0,30
18727,616,604,541,1140,0,0,30
18728,610,608,538,1134,0,0,30
18729,616,614,543,1142,0,0,30
18730,613,614,539,1146,0,0,30
18731,599,605,538,1140,0,0,30
18732,619,612,542,1142,0,0,30
18733,612,606,538,1138,0,0,30
18734,612,606,537,1144,0,0,30
18735,623,613,540,1138,0,0,30
18736,615,611,539,1142,0,0,30
18737,610,615,539,1140,0,0,30
18738,615,611,540,1134,0,0,30
18739,619,618,541,1138,0,0,30
18740,615,606,540,1127,0,0,30
18741,619,612,538,1139,0,0,30
18742,614,613,543,1140,0,0,30
18743,615,611,538,1139,0,0,30
18744,615,604,543,1139,0,0,30
18745,617,609,542,1142,0,0,30
18746,614,610,536,1140,0,0,30
18747,614,613,541,1140,0,0,30
18748,615,613,543,1139,0,0,30
18749,613,613,540,1139,0,0,30
18750,623,615,542,1139,1,0,30
18751,613,614,542,1144,1,0,30
18752,613,615,540,1139,1,0,30
18753,614,613,540,1137,1,0,30
18754,627,612,538,1139,1,0,30
18755,619,609,544,1139,1,0,30
18756,617,609,540,1139,1,0,30
18757,617,614,543,1139,1,0,30
18758,612,616,541,1146,1,0,30
18759,612,603,539,1140,1,0,30
18760,613,609,539,1138,1,0,30
18761,614,614,539,1141,1,0,30
18762,621,613,540,1139,1,0,30
18763,609,613,545,1143,1,0,30
18764,612,616,539,1138,1,0,30
18765,608,609,538,1140,0,0,30
18766,615,614,540,1137,0,0,30
18767,623,612,541,1136,0,0,30
18768,612,613,541,1135,0,0,30
18769,616,613,544,1136,0,0,30
18770,611,606,540,1139,0,0,30
18771,610,615,542,1138,0,0,30
18772,615,609,540,1140,0,0,30
18773,630,606,540,1137,0,0,30
18774,621,611,540,1139,0,0,30
18775,618,608,540,1137,0,0,30
18776,616,609,539,1140,0,0,30
18777,616,612,542,1138,0,0,30
18778,611,615,541,1137,0,0,30
18779,615,611,537,1146,0,0,30
18780,612,613,537,1138,0,0,30
18781,611,609,539,1133,0,0,30
18782,614,609,539,1141,0,0,30
18783,614,616,538,1141,0,0,30
18784,617,608,544,1138,0,0,30
18785,614,611,543,1139,0,0,30
18786,614,611,541,1141,0,0,30
18787,614,609,540,1139,0,0,30
18788,617,614,545,1137,0,0,30
18789,620,611,539,1137,0,0,30
18790,616,609,539,1137,0,0,30
18791,617,612,542,1141,0,0,30
18792,624,605,540,1138,0,0,30
18793,616,610,546,1139,0,0,30
18794,613,613,544,1138,0,0,30
18795,616,613,540,1138,0,0,30
18796,613,611,539,1143,0,0,30
18797,618,610,541,1136,0,0,30
18798,618,612,540,1138,0,0,30
18799,612,615,538,1137,0,0,30
18800,615,611,540,1143,1,0,30
18801,619,618,539,1139,1,0,30
18802,613,610,542,1141,1,0,30
18803,617,610,542,1138,1,0,30
18804,610,611,539,1141,1,0,30
18805,610,614,540,1139,1,0,30
18806,615,615,540,1140,1,0,30
18807,617,612,543,1139,1,0,30
18808,618,609,541,1143,1,0,30
18809,609,610,540,1140,1,0,30
18810,610,610,538,1140,1,0,30
18811,615,624,541,1140,1,0,30
18812,612,611,542,1140,1,0,30
18813,614,616,547,1140,1,0,30
18814,615,606,542,1140,1,0,30
18815,616,609,538,1141,0,0,30
18816,617,613,538,1139,0,0,30
18817,611,622,540,1142,0,0,30
18818,610,609,532,1142,0,0,30
18819,616,611,538,1138,0,0,30
18820,618,611,538,1139,0,0,30
18821,616,612,545,1139,0,0,30
18822,614,613,539,1139,0,0,30
18823,617,611,539,1137,0,0,30
18824,614,618,541,1140,0,0,30
18825,618,609,541,1140,0,0,30
18826,612,614,539,1138,0,0,30
18827,612,610,539,1141,0,0,30
18828,614,612,545,1138,0,0,30
18829,615,598,537,1139,0,0,30
18830,617,609,542,1139,0,0,30
18831,615,613,541,1139,0,0,30
18832,609,603,540,1139,0,0,30
18833,625,613,541,1140,0,0,30
18834,612,609,541,1139,0,0,30
18835,613,604,542,1137,0,0,30
18836,615,609,536,1140,0,0,30
18837,615,616,538,1138,0,0,30
18838,614,610,540,1140,0,0,30
18839,617,614,536,1133,0,0,30
18840,614,610,541,1136,0,0,30
18841,621,602,540,1142,0,0,30
18842,617,612,542,1138,0,0,30
18843,613,612,537,1134,0,0,30
18844,612,608,539,1136,0,0,30
18845,615,614,543,1139,0,0,30
18846,615,605,542,1140,0,0,30
18847,617,607,539,1141,0,0,30
18848,618,612,540,1139,0,0,30
18849,613,614,545,1143,0,0,30
18850,617,621,540,1140,1,0,30
18851,618,601,536,1141,1,0,30
18852,614,609,539,1138,1,0,30
18853,617,610,536,1139,1,0,30
18854,614,612,540,1136,1,0,30
18855,614,609,539,1139,1,0,30
18856,620,617,540,1140,1,0,30
18857,612,610,541,1142,1,0,30
18858,616,601,542,1142,1,0,30
18859,614,611,540,1142,1,0,30
18860,615,608,542,1128,1,0,30
18861,616,612,539,1140,1,0,30
18862,612,613,541,1136,1,0,30
18863,618,610,541,1139,1,0,30
18864,619,615,541,1142,1,0,30
18865,618,615,539,1139,0,0,30
18866,614,606,538,1139,0,0,30
18867,611,611,540,1138,0,0,30
18868,619,615,544,1137,0,0,30
18869,618,616,545,1142,0,0,30
18870,614,621,544,1139,0,0,30
18871,615,599,539,1140,0,0,30
18872,617,602,540,1140,0,0,30
18873,615,597,538,1140,0,0,30
18874,622,615,542,1139,0,0,30
18875,615,615,542,1143,0,0,30
18876,621,613,544,1138,0,0,30
18877,619,610,539,1139,0,0,30
18878,615,613,543,1136,0,0,30
18879,617,613,539,1141,0,0,30
18880,616,612,549,1140,0,0,30
18881,612,612,538,1140,0,0,30
18882,628,609,541,1140,0,0,30
18883,612,605,542,1133,0,0,30
18884,611,604,541,1136,0,0,30
18885,616,603,541,1141,0,0,30
18886,615,613,538,1144,0,0,30
18887,613,599,541,1131,0,0,30
18888,614,607,541,1138,0,0,30
18889,619,613,539,1142,0,0,30
18890,620,612,544,1139,0,0,30
18891,614,607,545,1138,0,0,30
18892,614,611,544,1139,0,0,30
18893,617,611,540,1142,0,0,30
18894,615,613,540,1144,0,0,30
18895,613,613,535,1137,0,0,30
18896,618,611,543,1137,0,0,30
18897,617,616,537,1137,0,0,30
18898,617,616,537,1137,0,0,30
18899,616,617,541,1145,0,0,30
18900,608,599,536,1136,1,0,30
18901,616,610,539,1140,1,0,30
18902,614,612,542,1137,1,0,30
18903,616,611,540,1138,1,0,30
18904,615,610,539,1124,1,0,30
18905,615,609,535,1139,1,0,30
18906,617,610,541,1138,1,0,30
18907,613,612,540,1128,1,0,30
18908,614,602,543,1138,1,0,30
18909,623,613,543,1137,1,0,30
18910,616,614,539,1140,1,0,30
18911,614,610,543,1140,1,0,30
18912,614,609,542,1137,1,0,30
18913,612,613,539,1137,1,0,30
18914,613,613,540,1139,1,0,30
18915,616,605,544,1131,0,0,30
18916,619,610,542,1139,0,0,30
18917,616,610,539,1139,0,0,30
18918,613,608,537,1141,0,0,30
18919,611,613,538,1141,0,0,30
18920,613,616,540,1128,0,0,30
18921,618,613,540,1138,0,0,30
18922,618,603,539,1140,0,0,30
18923,624,609,541,1145,0,0,30
18924,622,609,539,1137,0,0,30
18925,616,628,540,1138,0,0,30
18926,615,613,542,1137,0,0,30
18927,612,612,544,1140,0,0,30
18928,616,611,537,1138,0,0,30
18929,616,612,540,1139,0,0,30
18930,619,616,539,1139,0,0,30
18931,619,611,541,1139,0,0,30
18932,610,607,539,1139,0,0,30
18933,614,610,539,1140,0,0,30
18934,617,611,541,1137,0,0,30
18935,614,617,541,1139,0,0,30
18936,616,615,540,1140,0,0,30
18937,620,612,538,1135,0,0,30
18938,622,620,540,1137,0,0,30
18939,611,606,543,1136,0,0,30
18940,622,621,538,1141,0,0,30
18941,617,602,540,1138,0,0,30
18942,617,614,540,1142,0,0,30
18943,616,611,538,1140,0,0,30
18944,616,611,535,1143,0,0,30
18945,615,613,541,1140,0,0,30
18946,617,609,541,1138,0,0,30
18947,616,616,541,1131,0,0,30
18948,619,607,539,1136,0,0,30
18949,617,613,541,1141,0,0,30
18950,615,631,538,1140,1,0,30
18951,615,607,539,1140,1,0,30
18952,614,614,539,1142,1,0,30
18953,615,614,545,1140,1,0,30
18954,619,611,540,1140,1,0,30
18955,618,611,540,1141,1,0,30
18956,617,616,540,1140,1,0,30
18957,614,612,538,1142,1,0,30
18958,617,609,540,1141,1,0,30
18959,608,613,537,1136,1,0,30
18960,616,614,537,1139,1,0,30
18961,612,609,541,1140,1,0,30
18962,615,620,539,1139,1,0,30
18963,619,611,538,1141,1,0,30
18964,619,612,539,1139,1,0,30
18965,619,614,536,1140,0,0,30
18966,616,625,541,1140,0,0,30
18967,612,609,540,1138,0,0,30
18968,615,608,539,1134,0,0,30
18969,613,613,540,1140,0,0,30
18970,614,612,535,1138,0,0,30
18971,619,614,541,1140,0,0,30
18972,617,622,540,1138,0,0,30
18973,620,612,540,1139,0,0,30
18974,613,613,540,1138,0,0,30
18975,616,613,542,1139,0,0,30
18976,622,610,538,1139,0,0,30
18977,613,616,538,1139,0,0,30
18978,609,615,539,1135,0,0,30
18979,617,611,537,1141,0,0,30
18980,621,619,535,1140,0,0,30
18981,615,612,541,1141,0,0,30
18982,619,615,542,1139,0,0,30
18983,618,606,541,1140,0,0,30
18984,614,613,545,1140,0,0,30
18985,618,610,542,1138,0,0,30
18986,618,614,539,1143,0,0,30
18987,611,610,538,1137,0,0,30
18988,612,605,541,1126,0,0,30
18989,617,615,538,1141,0,0,30
18990,619,611,544,1138,0,0,30
18991,614,610,539,1139,0,0,30
18992,611,611,539,1137,0,0,30
18993,616,613,541,1140,0,0,30
18994,600,612,541,1137,0,0,30
18995,614,609,541,1139,0,0,30
18996,615,596,537,1141,0,0,30
18997,610,611,538,1140,0,0,30
18998,623,611,541,1138,0,0,30
18999,614,607,538,1140,0,0,30
19000,613,607,542,1136,1,0,30
19001,614,619,538,1146,1,0,30
19002,617,608,539,1139,1,0,30
19003,614,610,541,1139,1,0,30
19004,616,614,545,1139,1,0,30
19005,616,599,544,1138,1,0,30
19006,611,610,543,1138,1,0,30
19007,613,610,538,1138,1,0,30
19008,612,612,540,1140,1,0,30
19009,611,618,538,1131,1,0,30
19010,615,610,540,1137,1,0,30
19011,614,614,539,1140,1,0,30
19012,619,615,540,1141,1,0,30
19013,613,599,539,1139,1,0,30
19014,617,615,540,1135,1,0,30
19015,613,615,540,1133,0,0,30
19016,614,610,537,1136,0,0,30
19017,619,614,543,1142,0,0,30
19018,624,612,540,1139,0,0,30
19019,613,610,541,1140,0,0,30
19020,621,609,540,1139,0,0,30
19021,616,605,541,1138,0,0,30
19022,616,612,538,1139,0,0,30
19023,619,616,544,1137,0,0,30
19024,615,612,543,1134,0,0,30
19025,615,609,538,1137,0,0,30
19026,611,612,539,1140,0,0,30
19027,613,614,539,1138,0,0,30
19028,619,608,533,1138,0,0,30
19029,616,618,539,1140,0,0,30
19030,617,605,541,1140,0,0,30
19031,607,610,540,1139,0,0,30
19032,618,615,540,1141,0,0,30
19033,618,609,539,1140,0,0,30
19034,611,605,541,1139,0,0,30
19035,614,611,546,1137,0,0,30
19036,616,608,538,1137,0,0,30
19037,617,613,542,1133,0,0,30
19038,612,611,539,1138,0,0,30
19039,617,615,537,1135,0,0,30
19040,614,612,539,1136,0,0,30
19041,619,615,542,1135,0,0,30
19042,603,612,539,1137,0,0,30
19043,607,610,540,1138,0,0,30
19044,617,606,541,1137,0,0,30
19045,622,610,538,1139,0,0,30
19046,619,614,540,1130,0,0,30
19047,619,616,538,1138,0,0,30
19048,614,610,543,1137,0,0,30
19049,613,609,541,1138,0,0,30
19050,622,609,536,1140,1,0,30
19051,615,614,544,1138,1,0,30
19052,614,601,535,1140,1,0,30
19053,614,617,541,1140,1,0,30
19054,613,613,537,1139,1,0,30
19055,613,614,536,1138,1,0,30
19056,613,604,543,1140,1,0,30
19057,611,611,541,1140,1,0,30
19058,614,610,539,1139,1,0,30
19059,614,613,541,1143,1,0,30
19060,609,612,536,1139,1,0,30
19061,615,611,541,1141,1,0,30
19062,612,609,538,1143,1,0,30
19063,615,609,542,1138,1,0,30
19064,614,607,540,1139,1,0,30
19065,614,616,540,1143,0,0,30
19066,614,614,539,1139,0,0,30
19067,610,610,540,1141,0,0,30
19068,613,609,547,1139,0,0,30
19069,616,615,542,1140,0,0,30
19070,615,608,541,1137,0,0,30
19071,618,610,542,1139,0,0,30
19072,612,607,542,1138,0,0,30
19073,613,612,543,1142,0,0,30
19074,617,610,532,1140,0,0,30
19075,623,610,543,1138,0,0,30
19076,615,615,542,1133,0,0,30
19077,617,610,538,1141,0,0,30
19078,614,612,542,1138,0,0,30
19079,620,604,540,1139,0,0,30
19080,613,617,546,1139,0,0,30
19081,615,616,541,1138,0,0,30
19082,614,607,538,1136,0,0,30
19083,616,610,539,1138,0,0,30
19084,618,606,544,1139,0,0,30
19085,612,609,541,1140,0,0,30
19086,611,615,538,1139,0,0,30
19087,619,611,532,1135,0,0,30
19088,614,613,539,1137,0,0,30
19089,621,612,539,1138,0,0,30
19090,616,610,547,1136,0,0,30
19091,623,609,545,1137,0,0,30
19092,616,610,541,1138,0,0,30
19093,613,618,540,1139,0,0,30
19094,604,610,540,1138,0,0,30
19095,616,613,540,1140,0,0,30
19096,621,601,538,1142,0,0,30
19097,615,616,545,1141,0,0,30
19098,611,606,541,1138,0,0,30
19099,615,613,537,1138,0,0,30
19100,620,623,540,1139,1,0,30
19101,610,614,538,1137,1,0,30
19102,614,606,538,1139,1,0,30
19103,617,613,541,1148,1,0,30
19104,614,615,539,1148,1,0,30
19105,617,615,535,1138,1,0,30
19106,612,610,542,1137,1,0,30
19107,617,607,539,1141,1,0,30
19108,625,607,536,1139,1,0,30
19109,604,614,542,1138,1,0,30
19110,612,610,540,1143,1,0,30
19111,617,607,539,1139,1,0,30
19112,610,617,540,1139,1,0,30
19113,615,609,540,1137,1,0,30
19114,614,619,540,1140,1,0,30
19115,617,612,536,1138,0,0,30
19116,614,611,541,1135,0,0,30
19117,609,607,537,1138,0,0,30
19118,614,611,536,1137,0,0,30
19119,618,615,538,1139,0,0,30
19120,624,613,543,1141,0,0,30
19121,617,618,540,1136,0,0,30
19122,612,609,542,1141,0,0,30
19123,618,616,540,1132,0,0,30
19124,624,616,541,1142,0,0,30
19125,614,610,541,1142,0,0,30
19126,609,598,536,1137,0,0,30
19127,615,610,538,1142,0,0,30
19128,616,608,539,1139,0,0,30
19129,613,620,539,1141,0,0,30
19130,615,610,537,1139,0,0,30
19131,616,614,540,1140,0,0,30
19132,613,610,539,1140,0,0,30
19133,621,618,544,1139,0,0,30
19134,618,615,538,1140,0,0,30
19135,614,610,538,1140,0,0,30
19136,612,610,538,1140,0,0,30
19137,617,611,539,1138,0,0,30
19138,616,603,542,1141,0,0,30
19139,609,614,540,1138,0,0,30
19140,618,610,542,1140,0,0,30
19141,614,610,531,1136,0,0,30
19142,608,618,540,1142,0,0,30
19143,616,611,543,1137,0,0,30
19144,619,616,542,1136,0,0,30
19145,617,605,543,1139,0,0,30
19146,613,615,542,1143,0,0,30
19147,617,611,538,1139,0,0,30
19148,623,604,541,1140,0,0,30
19149,612,611,536,1138,0,0,30
19150,614,610,541,1137,1,0,30
19151,612,612,542,1140,1,0,30
19152,616,618,531,1139,1,0,30
19153,614,609,541,1138,1,0,30
19154,616,608,538,1139,1,0,30
19155,612,610,540,1138,1,0,30
19156,613,610,538,1139,1,0,30
19157,616,612,542,1140,1,0,30
19158,611,614,537,1135,1,0,30
19159,614,611,535,1142,1,0,30
19160,613,608,538,1139,1,0,30
19161,616,609,542,1142,1,0,30
19162,617,611,537,1137,1,0,30
19163,619,609,541,1142,1,0,30
19164,606,597,540,1138,1,0,30
19165,616,618,540,1140,0,0,30
19166,622,611,538,1140,0,0,30
19167,610,611,539,1139,0,0,30
19168,613,611,539,1138,0,0,30
19169,616,613,538,1138,0,0,30
19170,617,609,542,1146,0,0,30
19171,604,610,540,1139,0,0,30
19172,616,613,540,1137,0,0,30
19173,616,614,540,1140,0,0,30
19174,616,609,539,1139,0,0,30
19175,619,622,538,1140,0,0,30
19176,615,610,540,1137,0,0,30
19177,618,606,542,1135,0,0,30
19178,616,611,539,1141,0,0,30
19179,613,608,540,1140,0,0,30
19180,616,612,538,1140,0,0,30
19181,617,611,540,1141,0,0,30
19182,617,611,541,1137,0,0,30
19183,610,603,538,1135,0,0,30
19184,615,610,538,1139,0,0,30
19185,623,609,539,1140,0,0,30
19186,615,617,538,1137,0,0,30
19187,613,610,537,1139,0,0,30
19188,623,611,540,1139,0,0,30
19189,619,605,541,1138,0,0,30
19190,614,612,542,1139,0,0,30
19191,614,612,538,1138,0,0,30
19192,627,614,541,1139,0,0,30
19193,619,607,540,1138,0,0,30
19194,617,609,547,1140,0,0,30
19195,616,609,538,1129,0,0,30
19196,616,609,541,1140,0,0,30
19197,614,608,539,1133,0,0,30
19198,617,610,538,1142,0,0,30
19199,615,613,540,1142,0,0,30
19200,614,611,537,1137,1,0,30
19201,617,610,535,1140,1,0,30
19202,617,617,542,1140,1,0,30
19203,614,609,543,1142,1,0,30
19204,614,612,533,1138,1,0,30
19205,614,618,543,1141,1,0,30
19206,614,601,540,1137,1,0,30
19207,618,605,533,1139,1,0,30
19208,613,606,545,1137,1,0,30
19209,612,612,542,1142,1,0,30
19210,617,610,540,1140,1,0,30
19211,618,608,541,1139,1,0,30
19212,615,601,538,1139,1,0,30
19213,614,613,543,1140,1,0,30
19214,612,612,544,1135,1,0,30
19215,612,613,538,1138,0,0,30
19216,620,614,541,1137,0,0,30
19217,618,614,537,1139,0,0,30
19218,619,608,543,1138,0,0,30
19219,611,615,539,1139,0,0,30
19220,619,611,543,1141,0,0,30
19221,616,607,537,1138,0,0,30
19222,614,612,540,1137,0,0,30
19223,612,610,541,1141,0,0,30
19224,616,615,539,1140,0,0,30
19225,615,608,542,1145,0,0,30
19226,612,611,541,1140,0,0,30
19227,619,620,540,1139,0,0,30
19228,617,611,541,1141,0,0,30
19229,613,615,537,1140,0,0,30
19230,613,611,541,1140,0,0,30
19231,614,610,540,1138,0,0,30
19232,612,609,538,1139,0,0,30
19233,615,612,541,1136,0,0,30
19234,619,607,539,1139,0,0,30
19235,623,614,538,1139,0,0,30
19236,619,611,539,1141,0,0,30
19237,623,612,542,1139,0,0,30
19238,620,614,542,1139,0,0,30
19239,617,611,540,1140,0,0,30
19240,617,618,541,1138,0,0,30
19241,625,610,540,1140,0,0,30
19242,618,614,542,1139,0,0,30
19243,621,622,542,1138,0,0,30
19244,618,606,538,1141,0,0,30
19245,614,609,538,1145,0,0,30
19246,612,614,539,1138,0,0,30
19247,616,612,538,1138,0,0,30
19248,616,610,540,1137,0,0,30
19249,612,605,541,1138,0,0,30
19250,620,611,545,1140,1,0,30
19251,616,607,544,1139,1,0,30
19252,618,599,540,1138,1,0,30
19253,615,607,537,1140,1,0,30
19254,616,615,537,1140,1,0,30
19255,611,605,538,1140,1,0,30
19256,614,607,540,1140,1,0,30
19257,615,610,541,1140,1,0,30
19258,618,609,540,1138,1,0,30
19259,610,612,540,1141,1,0,30
19260,618,609,535,1143,1,0,30
19261,616,603,539,1139,1,0,30
19262,616,609,540,1140,1,0,30
19263,617,612,543,1137,1,0,30
19264,616,613,538,1138,1,0,30
19265,620,608,542,1138,0,0,30
19266,616,613,540,1136,0,0,30
19267,614,610,539,1138,0,0,30
19268,613,611,540,1142,0,0,30
19269,611,615,541,1138,0,0,30
19270,615,608,540,1140,0,0,30
19271,614,612,539,1134,0,0,30
19272,613,615,539,1138,0,0,30
19273,615,611,539,1138,0,0,30
19274,614,611,538,1139,0,0,30
19275,616,615,540,1139,0,0,30
19276,616,612,539,1137,0,0,30
19277,617,612,536,1133,0,0,30
19278,615,621,539,1137,0,0,30
19279,618,613,537,1137,0,0,30
19280,611,611,543,1140,0,0,30
19281,615,610,541,1137,0,0,30
19282,616,609,541,1137,0,0,30
19283,616,613,539,1139,0,0,30
19284,618,611,539,1139,0,0,30
19285,619,612,543,1139,0,0,30
19286,617,608,541,1140,0,0,30
19287,613,628,540,1141,0,0,30
19288,617,617,540,1141,0,0,30
19289,617,617,540,1136,0,0,30
19290,613,614,542,1139,0,0,30
19291,615,608,540,1138,0,0,30
19292,611,605,541,1139,0,0,30
19293,615,613,540,1134,0,0,30
19294,616,613,540,1138,0,0,30
19295,619,611,540,1135,0,0,30
19296,617,608,538,1139,0,0,30
19297,612,607,540,1141,0,0,30
19298,616,601,540,1141,0,0,30
19299,614,609,541,1141,0,0,30
19300,614,610,542,1138,1,0,30
19301,610,609,537,1140,1,0,30
19302,617,608,540,1139,1,0,30
19303,616,609,535,1139,1,0,30
19304,610,610,526,1138,1,0,30
19305,609,613,541,1138,1,0,30
19306,616,604,541,1141,1,0,30
19307,615,614,541,1138,1,0,30
19308,613,612,539,1140,1,0,30
19309,615,612,540,1137,1,0,30
19310,616,611,537,1140,1,0,30
19311,617,615,541,1141,1,0,30
19312,616,615,538,1140,1,0,30
19313,615,613,539,1138,1,0,30
19314,614,607,540,1141,1,0,30
19315,616,606,541,1138,0,0,30
19316,605,610,539,1136,0,0,30
19317,614,610,539,1137,0,0,30
19318,613,613,538,1137,0,0,30
19319,617,616,537,1138,0,0,30
19320,620,611,542,1140,0,0,30
19321,625,607,537,1141,0,0,30
19322,613,610,537,1138,0,0,30
19323,615,613,541,1137,0,0,30
19324,611,611,542,1140,0,0,30
19325,613,615,539,1142,0,0,30
19326,617,612,540,1137,0,0,30
19327,611,612,537,1137,0,0,30
19328,618,613,539,1138,0,0,30
19329,611,613,539,1139,0,0,30
19330,616,609,538,1141,0,0,30
19331,619,613,543,1129,0,0,30
19332,613,611,540,1138,0,0,30
19333,614,613,538,1142,0,0,30
19334,618,613,541,1132,0,0,30
19335,620,612,541,1140,0,0,30
19336,620,611,536,1138,0,0,30
19337,616,610,537,1139,0,0,30
19338,614,613,541,1138,0,0,30
19339,614,608,540,1137,0,0,30
19340,613,611,542,1128,0,0,30
19341,609,611,539,1139,0,0,30
19342,619,615,544,1131,0,0,30
19343,621,610,540,1139,0,0,30
19344,618,613,541,1138,0,0,30
19345,616,607,542,1140,0,0,30
19346,617,616,537,1141,0,0,30
19347,615,611,538,1140,0,0,30
19348,616,610,540,1139,0,0,30
19349,613,611,539,1141,0,0,30
19350,618,610,540,1136,1,0,30
19351,617,609,542,1141,1,0,30
19352,617,622,539,1138,1,0,30
19353,614,629,537,1137,1,0,30
19354,608,608,537,1137,1,0,30
19355,614,604,545,1137,1,0,30
19356,615,610,543,1139,1,0,30
19357,614,611,540,1140,1,0,30
19358,619,611,543,1143,1,0,30
19359,616,600,539,1138,1,0,30
19360,616,612,546,1140,1,0,30
19361,617,612,540,1141,1,0,30
19362,614,613,542,1143,1,0,30
19363,616,610,538,1140,1,0,30
19364,616,612,540,1141,1,0,30
19365,614,606,546,1139,0,0,30
19366,616,619,538,1141,0,0,30
19367,614,611,540,1141,0,0,30
19368,615,614,540,1137,0,0,30
19369,613,618,539,1137,0,0,30
19370,616,611,541,1137,0,0,30
19371,615,607,538,1143,0,0,30
19372,618,611,539,1138,0,0,30
19373,614,611,539,1140,0,0,30
19374,614,613,542,1135,0,0,30
19375,604,609,541,1138,0,0,30
19376,622,610,539,1138,0,0,30
19377,613,614,536,1138,0,0,30
19378,616,607,542,1138,0,0,30
19379,616,620,541,1140,0,0,30
19380,614,613,536,1137,0,0,30
19381,616,613,539,1136,0,0,30
19382,614,613,542,1141,0,0,30
19383,622,612,538,1138,0,0,30
19384,618,604,541,1139,0,0,30
19385,618,606,537,1140,0,0,30
19386,616,614,540,1139,0,0,30
19387,617,611,539,1136,0,0,30
19388,610,615,539,1137,0,0,30
19389,622,603,545,1141,0,0,30
19390,606,615,547,1135,0,0,30
19391,622,613,541,1138,0,0,30
19392,611,615,541,1138,0,0,30
19393,615,609,543,1139,0,0,30
19394,616,610,541,1137,0,0,30
19395,619,618,541,1140,0,0,30
19396,616,613,539,1139,0,0,30
19397,617,613,536,1133,0,0,30
19398,608,619,541,1138,0,0,30
19399,616,607,537,1138,0,0,30
19400,617,603,543,1137,1,0,30
19401,615,615,533,1140,1,0,30
19402,607,612,539,1141,1,0,30
19403,612,610,537,1139,1,0,30
19404,610,605,543,1138,1,0,30
19405,615,608,538,1136,1,0,30
19406,615,604,540,1140,1,0,30
19407,617,601,540,1137,1,0,30
19408,615,594,541,1139,1,0,30
19409,617,613,541,1137,1,0,30
19410,612,612,538,1131,1,0,30
19411,611,599,538,1139,1,0,30
19412,614,610,539,1139,1,0,30
19413,615,610,540,1139,1,0,30
19414,612,614,537,1142,1,0,30
19415,614,611,539,1138,0,0,30
19416,617,610,541,1141,0,0,30
19417,612,608,541,1142,0,0,30
19418,627,607,542,1138,0,0,30
19419,614,613,540,1131,0,0,30
19420,617,614,546,1137,0,0,30
19421,616,612,537,1135,0,0,30
19422,627,612,540,1141,0,0,30
19423,615,617,540,1148,0,0,30
19424,619,616,539,1139,0,0,30
19425,612,613,540,1138,0,0,30
19426,622,610,540,1135,0,0,30
19427,621,611,538,1138,0,0,30
19428,615,613,539,1137,0,0,30
19429,612,613,539,1138,0,0,30
19430,616,612,539,1135,0,0,30
19431,614,611,541,1139,0,0,30
19432,616,622,537,1141,0,0,30
19433,621,610,537,1138,0,0,30
19434,617,611,539,1137,0,0,30
19435,616,618,542,1138,0,0,30
19436,614,615,539,1140,0,0,30
19437,614,606,538,1139,0,0,30
19438,616,605,541,1137,0,0,30
19439,608,614,541,1146,0,0,30
19440,617,619,537,1138,0,0,30
19441,615,608,541,1139,0,0,30
19442,615,608,539,1140,0,0,30
19443,618,608,542,1140,0,0,30
19444,615,615,538,1139,0,0,30
19445,616,612,537,1139,0,0,30
19446,616,614,543,1142,0,0,30
19447,614,606,537,1139,0,0,30
19448,618,596,542,1136,0,0,30
19449,622,610,540,1138,0,0,30
19450,616,615,538,1137,1,0,30
19451,613,615,539,1137,1,0,30
19452,612,606,540,1140,1,0,30
19453,608,611,540,1141,1,0,30
19454,610,615,538,1140,1,0,30
19455,613,610,539,1134,1,0,30
19456,613,613,542,1141,1,0,30
19457,614,611,540,1138,1,0,30
19458,618,609,541,1137,1,0,30
19459,608,614,538,1145,1,0,30
19460,617,608,539,1136,1,0,30
19461,612,607,542,1146,1,0,30
19462,619,612,537,1139,1,0,30
19463,610,612,539,1137,1,0,30
19464,612,612,539,1141,1,0,30
19465,616,611,534,1137,0,0,30
19466,616,610,538,1144,0,0,30
19467,618,611,540,1144,0,0,30
19468,618,611,541,1144,0,0,30
19469,608,605,538,1140,0,0,30
19470,622,618,539,1140,0,0,30
19471,614,605,538,1140,0,0,30
19472,611,614,539,1142,0,0,30
19473,615,613,544,1139,0,0,30
19474,616,620,540,1139,0,0,30
19475,619,624,542,1140,0,0,30
19476,616,614,539,1133,0,0,30
19477,618,610,541,1139,0,0,30
19478,617,611,540,1140,0,0,30
19479,616,610,539,1137,0,0,30
19480,612,613,539,1141,0,0,30
19481,613,622,538,1139,0,0,30
19482,619,616,539,1138,0,0,30
19483,612,611,539,1140,0,0,30
19484,616,608,540,1137,0,0,30
19485,630,610,540,1139,0,0,30
19486,624,611,540,1140,0,0,30
19487,617,608,539,1136,0,0,30
19488,616,615,540,1138,0,0,30
19489,613,611,541,1139,0,0,30
19490,615,611,540,1142,0,0,30
19491,616,607,540,1136,0,0,30
19492,618,605,543,1141,0,0,30
19493,617,615,541,1139,0,0,30
19494,613,617,541,1140,0,0,30
19495,617,611,538,1137,0,0,30
19496,614,609,542,1139,0,0,30
19497,614,613,544,1139,0,0,30
19498,615,611,537,1144,0,0,30
19499,615,596,540,1139,0,0,30
19500,614,609,541,1143,1,0,30
19501,618,605,538,1142,1,0,30
19502,617,612,541,1138,1,0,30
19503,614,610,539,1138,1,0,30
19504,617,610,538,1137,1,0,30
19505,610,593,540,1138,1,0,30
19506,616,615,538,1138,1,0,30
19507,616,615,540,1138,1,0,30
19508,617,614,537,1136,1,0,30
19509,615,607,537,1140,1,0,30
19510,614,611,538,1136,1,0,30
19511,614,612,539,1140,1,0,30
19512,610,605,541,1139,1,0,30
19513,611,611,541,1139,1,0,30
19514,620,612,542,1141,1,0,30
19515,615,614,540,1141,0,0,30
19516,617,604,540,1139,0,0,30
19517,617,606,539,1139,0,0,30
19518,615,609,538,1141,0,0,30
19519,613,620,542,1140,0,0,30
19520,613,612,539,1137,0,0,30
19521,615,611,544,1137,0,0,30
19522,620,611,537,1139,0,0,30
19523,613,611,539,1145,0,0,30
19524,605,611,538,1140,0,0,30
19525,624,609,543,1139,0,0,30
19526,616,611,540,1139,0,0,30
19527,609,613,540,1140,0,0,30
19528,616,612,536,1138,0,0,30
19529,617,613,540,1138,0,0,30
19530,618,609,541,1139,0,0,30
19531,614,610,541,1139,0,0,30
19532,614,612,539,1139,0,0,30
19533,619,605,540,1141,0,0,30
19534,620,611,539,1140,0,0,30
19535,610,611,542,1140,0,0,30
19536,615,613,538,1141,0,0,30
19537,614,613,543,1139,0,0,30
19538,614,611,532,1139,0,0,30
19539,619,612,540,1139,0,0,30
19540,616,616,538,1139,0,0,30
19541,618,611,537,1138,0,0,30
19542,621,610,545,1142,0,0,30
19543,617,612,541,1140,0,0,30
19544,613,615,536,1141,0,0,30
19545,616,619,539,1132,0,0,30
19546,620,608,537,1138,0,0,30
19547,612,613,540,1135,0,0,30
19548,607,609,542,1139,0,0,30
19549,621,615,541,1140,0,0,30
19550,618,612,538,1137,1,0,30
19551,622,611,539,1137,1,0,30
19552,614,615,532,1149,1,0,30
19553,616,616,540,1139,1,0,30
19554,616,614,539,1141,1,0,30
19555,613,612,540,1140,1,0,30
19556,612,612,539,1139,1,0,30
19557,618,613,539,1136,1,0,30
19558,622,613,539,1138,1,0,30
19559,613,605,533,1138,1,0,30
19560,613,626,543,1140,1,0,30
19561,612,612,538,1139,1,0,30
19562,614,612,539,1138,1,0,30
19563,617,609,539,1142,1,0,30
19564,613,616,544,1143,1,0,30
19565,619,613,542,1140,0,0,30
19566,621,608,537,1141,0,0,30
19567,605,618,541,1141,0,0,30
19568,615,614,538,1142,0,0,30
19569,610,613,537,1140,0,0,30
19570,615,610,538,1139,0,0,30
19571,616,612,539,1140,0,0,30
19572,617,622,542,1141,0,0,30
19573,617,609,540,1139,0,0,30
19574,614,605,540,1138,0,0,30
19575,604,608,541,1137,0,0,30
19576,611,605,538,1140,0,0,30
19577,614,607,536,1139,0,0,30
19578,612,613,546,1137,0,0,30
19579,609,627,540,1137,0,0,30
19580,614,613,540,1135,0,0,30
19581,616,614,544,1139,0,0,30
19582,611,613,541,1139,0,0,30
19583,612,612,546,1130,0,0,30
19584,617,617,541,1139,0,0,30
19585,616,613,542,1139,0,0,30
19586,615,615,538,1139,0,0,30
19587,615,622,539,1147,0,0,30
19588,614,609,541,1139,0,0,30
19589,616,616,541,1136,0,0,30
19590,616,613,539,1139,0,0,30
19591,618,617,540,1138,0,0,30
19592,619,612,534,1143,0,0,30
19593,616,610,542,1140,0,0,30
19594,615,597,535,1138,0,0,30
19595,615,611,542,1141,0,0,30
19596,615,601,539,1139,0,0,30
19597,614,615,543,1142,0,0,30
19598,620,608,539,1136,0,0,30
19599,619,607,537,1140,0,0,30
19600,614,614,541,1141,1,0,30
19601,612,620,539,1143,1,0,30
19602,616,615,537,1140,1,0,30
19603,616,609,538,1140,1,0,30
19604,616,608,538,1139,1,0,30
19605,613,610,541,1140,1,0,30
19606,616,622,547,1139,1,0,30
19607,611,612,540,1140,1,0,30
19608,612,609,539,1143,1,0,30
19609,619,613,540,1139,1,0,30
19610,618,607,539,1144,1,0,30
19611,615,613,534,1141,1,0,30
19612,617,614,537,1140,1,0,30
19613,611,618,541,1140,1,0,30
19614,614,611,537,1143,1,0,30
19615,614,612,540,1139,0,0,30
19616,615,616,539,1135,0,0,30
19617,615,601,540,1143,0,0,30
19618,613,621,541,1137,0,0,30
19619,617,609,541,1140,0,0,30
19620,619,622,539,1139,0,0,30
19621,618,617,539,1137,0,0,30
19622,621,619,540,1138,0,0,30
19623,616,610,538,1135,0,0,30
19624,617,611,538,1138,0,0,30
19625,621,613,539,1132,0,0,30
19626,615,613,540,1137,0,0,30
19627,613,611,541,1137,0,0,30
19628,615,610,540,1140,0,0,30
19629,615,611,540,1138,0,0,30
19630,616,614,547,1137,0,0,30
19631,617,611,542,1137,0,0,30
19632,614,609,537,1140,0,0,30
19633,613,616,536,1138,0,0,30
19634,622,611,539,1138,0,0,30
19635,614,617,542,1138,0,0,30
19636,615,613,538,1131,0,0,30
19637,617,611,542,1137,0,0,30
19638,618,611,539,1137,0,0,30
19639,619,613,541,1138,0,0,30
19640,614,613,539,1135,0,0,30
19641,617,611,537,1138,0,0,30
19642,617,616,545,1143,0,0,30
19643,621,610,541,1138,0,0,30
19644,614,608,540,1138,0,0,30
19645,616,607,539,1139,0,0,30
19646,613,610,542,1139,0,0,30
19647,617,613,545,1139,0,0,30
19648,618,610,541,1140,0,0,30
19649,600,613,539,1136,0,0,30
19650,614,616,539,1141,1,0,30
19651,614,611,542,1139,1,0,30
19652,614,610,538,1139,1,0,30
19653,617,608,539,1140,1,0,30
19654,614,613,538,1141,1,0,30
19655,617,619,542,1140,1,0,30
19656,613,604,537,1139,1,0,30
19657,612,613,540,1133,1,0,30
19658,614,619,540,1139,1,0,30
19659,617,611,539,1139,1,0,30
19660,618,612,542,1134,1,0,30
19661,611,610,540,1137,1,0,30
19662,613,613,540,1140,1,0,30
19663,614,611,540,1140,1,0,30
19664,616,610,534,1138,1,0,30
19665,610,613,541,1140,0,0,30
19666,613,610,536,1138,0,0,30
19667,612,617,539,1144,0,0,30
19668,612,616,550,1140,0,0,30
19669,628,607,539,1137,0,0,30
19670,609,611,541,1138,0,0,30
19671,615,616,540,1139,0,0,30
19672,619,612,539,1138,0,0,30
19673,616,607,542,1138,0,0,30
19674,608,613,541,1139,0,0,30
19675,612,607,540,1137,0,0,30
19676,619,616,538,1144,0,0,30
19677,616,613,539,1137,0,0,30
19678,615,615,540,1141,0,0,30
19679,617,614,540,1136,0,0,30
19680,618,610,534,1139,0,0,30
19681,618,610,536,1143,0,0,30
19682,614,611,540,1146,0,0,30
19683,616,612,542,1142,0,0,30
19684,615,603,540,1140,0,0,30
19685,610,606,540,1141,0,0,30
19686,611,602,540,1140,0,0,30
19687,618,611,540,1141,0,0,30
19688,616,616,541,1140,0,0,30
19689,617,607,539,1137,0,0,30
19690,616,612,538,1139,0,0,30
19691,615,614,539,1143,0,0,30
19692,615,606,539,1139,0,0,30
19693,609,616,539,1140,0,0,30
19694,618,613,539,1141,0,0,30
19695,619,620,537,1139,0,0,30
19696,616,610,539,1140,0,0,30
19697,615,623,541,1140,0,0,30
19698,617,618,540,1142,0,0,30
19699,612,615,541,1140,0,0,30
19700,616,615,541,1139,1,0,30
19701,617,616,545,1139,1,0,30
19702,614,607,550,1142,1,0,30
19703,615,624,541,1140,1,0,30
19704,622,614,541,1139,1,0,30
19705,611,607,540,1138,1,0,30
19706,625,613,541,1140,1,0,30
19707,614,616,537,1140,1,0,30
19708,619,611,541,1137,1,0,30
19709,629,618,541,1139,1,0,30
19710,611,620,537,1138,1,0,30
19711,611,608,536,1139,1,0,30
19712,619,610,539,1139,1,0,30
19713,617,618,539,1139,1,0,30
19714,617,614,533,1143,1,0,30
19715,616,613,539,1140,0,0,30
19716,619,605,539,1141,0,0,30
19717,612,609,538,1138,0,0,30
19718,608,610,542,1134,0,0,30
19719,612,613,542,1141,0,0,30
19720,619,606,535,1136,0,0,30
19721,624,613,541,1140,0,0,30
19722,612,610,541,1139,0,0,30
19723,619,607,538,1137,0,0,30
19724,617,604,529,1135,0,0,30
19725,616,611,541,1133,0,0,30
19726,616,609,545,1142,0,0,30
19727,618,610,540,1136,0,0,30
19728,616,611,539,1137,0,0,30
19729,601,608,539,1136,0,0,30
19730,615,613,540,1138,0,0,30
19731,615,614,540,1136,0,0,30
19732,623,610,540,1138,0,0,30
19733,620,616,538,1136,0,0,30
19734,619,613,542,1136,0,0,30
19735,611,612,537,1139,0,0,30
19736,612,612,541,1135,0,0,30
19737,617,615,540,1140,0,0,30
19738,617,612,538,1139,0,0,30
19739,612,610,542,1139,0,0,30
19740,616,611,539,1141,0,0,30
19741,610,613,539,1135,0,0,30
19742,615,613,540,1143,0,0,30
19743,612,615,542,1138,0,0,30
19744,615,614,538,1132,0,0,30
19745,615,607,538,1140,0,0,30
19746,624,606,539,1137,0,0,30
19747,618,612,538,1140,0,0,30
19748,615,609,542,1138,0,0,30
19749,616,610,540,1139,0,0,30
19750,614,611,539,1141,1,0,30
19751,612,609,541,1141,1,0,30
19752,613,615,541,1140,1,0,30
19753,613,616,541,1134,1,0,30
19754,616,610,536,1138,1,0,30
19755,618,608,540,1139,1,0,30
19756,607,609,539,1138,1,0,30
19757,614,609,540,1137,1,0,30
19758,612,607,541,1136,1,0,30
19759,613,610,545,1139,1,0,30
19760,614,605,538,1139,1,0,30
19761,609,608,541,1144,1,0,30
19762,615,610,540,1140,1,0,30
19763,622,612,541,1139,1,0,30
19764,616,611,539,1139,1,0,30
19765,623,612,541,1137,0,0,30
19766,619,612,539,1142,0,0,30
19767,616,611,538,1136,0,0,30
19768,615,612,540,1127,0,0,30
19769,611,607,538,1135,0,0,30
19770,612,612,538,1139,0,0,30
19771,615,613,540,1141,0,0,30
19772,616,613,538,1140,0,0,30
19773,617,618,546,1142,0,0,30
19774,609,610,537,1143,0,0,30
19775,616,608,538,1135,0,0,30
19776,613,615,535,1144,0,0,30
19777,613,616,540,1136,0,0,30
19778,619,615,541,1138,0,0,30
19779,614,602,538,1150,0,0,30
19780,620,612,530,1139,0,0,30
19781,618,614,542,1140,0,0,30
19782,618,617,539,1141,0,0,30
19783,620,603,541,1139,0,0,30
19784,619,611,540,1143,0,0,30
19785,612,613,541,1140,0,0,30
19786,619,613,539,1139,0,0,30
19787,622,612,541,1140,0,0,30
19788,616,614,539,1134,0,0,30
19789,615,611,539,1138,0,0,30
19790,608,609,539,1137,0,0,30
19791,617,601,538,1138,0,0,30
19792,615,614,541,1141,0,0,30
19793,616,611,540,1139,0,0,30
19794,613,608,537,1139,0,0,30
19795,614,613,537,1139,0,0,30
19796,612,612,540,1138,0,0,30
19797,616,616,541,1138,0,0,30
19798,616,612,540,1145,0,0,30
19799,616,610,540,1140,0,0,30
19800,617,628,540,1137,1,0,30
19801,615,611,538,1138,1,0,30
19802,611,615,543,1134,1,0,30
19803,612,610,541,1139,1,0,30
19804,614,601,539,1140,1,0,30
19805,615,613,536,1140,1,0,30
19806,611,611,539,1138,1,0,30
19807,614,620,537,1140,1,0,30
19808,611,606,536,1139,1,0,30
19809,613,613,538,1135,1,0,30
19810,620,611,538,1141,1,0,30
19811,615,614,542,1138,1,0,30
19812,615,615,539,1139,1,0,30
19813,613,610,533,1141,1,0,30
19814,620,614,539,1140,1,0,30
19815,614,624,538,1143,0,0,30
19816,615,613,545,1138,0,0,30
19817,624,607,541,1143,0,0,30
19818,615,608,541,1140,0,0,30
19819,616,617,535,1139,0,0,30
19820,618,611,536,1139,0,0,30
19821,614,607,540,1140,0,0,30
19822,617,611,536,1133,0,0,30
19823,618,611,540,1137,0,0,30
19824,618,610,534,1141,0,0,30
19825,614,612,539,1137,0,0,30
19826,624,609,539,1146,0,0,30
19827,616,626,540,1138,0,0,30
19828,619,606,539,1140,0,0,30
19829,611,611,540,1139,0,0,30
19830,617,630,536,1135,0,0,30
19831,618,597,540,1138,0,0,30
19832,621,610,541,1139,0,0,30
19833,616,612,538,1135,0,0,30
19834,614,618,539,1138,0,0,30
19835,616,600,537,1138,0,0,30
19836,618,614,539,1138,0,0,30
19837,611,606,539,1139,0,0,30
19838,616,612,537,1138,0,0,30
19839,622,617,541,1142,0,0,30
19840,615,615,540,1135,0,0,30
19841,617,622,537,1136,0,0,30
19842,610,613,541,1137,0,0,30
19843,608,614,540,1140,0,0,30
19844,616,614,542,1132,0,0,30
19845,617,600,540,1138,0,0,30
19846,614,614,540,1135,0,0,30
19847,620,607,534,1140,0,0,30
19848,617,610,541,1140,0,0,30
19849,616,609,539,1140,0,0,30
19850,618,613,539,1138,1,0,30
19851,618,616,542,1134,1,0,30
19852,616,604,539,1145,1,0,30
19853,617,612,537,1140,1,0,30
19854,617,613,537,1142,1,0,30
19855,618,634,540,1139,1,0,30
19856,616,610,538,1140,1,0,30
19857,619,612,537,1137,1,0,30
19858,619,603,539,1136,1,0,30
19859,610,612,540,1140,1,0,30
19860,617,612,537,1140,1,0,30
19861,612,610,540,1141,1,0,30
19862,612,606,540,1141,1,0,30
19863,618,610,540,1138,1,0,30
19864,617,610,532,1137,1,0,30
19865,614,609,540,1134,0,0,30
19866,612,616,539,1138,0,0,30
19867,612,612,541,1137,0,0,30
19868,617,607,543,1135,0,0,30
19869,617,613,536,1140,0,0,30
19870,614,608,541,1136,0,0,30
19871,614,609,543,1138,0,0,30
19872,618,602,540,1140,0,0,30
19873,615,613,541,1138,0,0,30
19874,617,610,539,1139,0,0,30
19875,613,611,541,1137,0,0,30
19876,614,612,534,1138,0,0,30
19877,615,611,546,1135,0,0,30
19878,613,607,536,1140,0,0,30
19879,619,610,542,1141,0,0,30
19880,618,614,544,1138,0,0,30
19881,614,615,539,1135,0,0,30
19882,615,614,539,1143,0,0,30
19883,619,621,536,1139,0,0,30
19884,617,613,538,1139,0,0,30
19885,616,617,537,1138,0,0,30
19886,616,611,542,1139,0,0,30
19887,612,611,540,1139,0,0,30
19888,620,606,542,1136,0,0,30
19889,613,615,532,1141,0,0,30
19890,616,608,537,1140,0,0,30
19891,613,609,539,1141,0,0,30
19892,617,609,535,1136,0,0,30
19893,615,607,541,1140,0,0,30
19894,615,611,540,1147,0,0,30
19895,615,612,540,1140,0,0,30
19896,616,628,539,1139,0,0,30
19897,616,612,534,1137,0,0,30
19898,614,611,540,1139,0,0,30
19899,615,611,540,1139,0,0,30
19900,616,610,535,1139,1,0,30
19901,615,611,540,1142,1,0,30
19902,617,615,538,1141,1,0,30
19903,612,608,542,1139,1,0,30
19904,618,613,538,1138,1,0,30
19905,618,611,536,1139,1,0,30
19906,616,613,541,1137,1,0,30
19907,613,611,540,1138,1,0,30
19908,624,610,543,1142,1,0,30
19909,613,619,538,1140,1,0,30
19910,616,608,539,1138,1,0,30
19911,608,615,539,1142,1,0,30
19912,615,612,541,1138,1,0,30
19913,616,611,542,1137,1,0,30
19914,613,616,538,1135,1,0,30
19915,614,612,540,1143,0,0,30
19916,615,615,540,1136,0,0,30
19917,611,607,546,1140,0,0,30
19918,615,607,544,1142,0,0,30
19919,616,612,542,1139,0,0,30
19920,615,611,538,1139,0,0,30
19921,619,611,537,1139,0,0,30
19922,615,609,539,1139,0,0,30
19923,624,610,538,1138,0,0,30
19924,617,615,540,1137,0,0,30
19925,615,603,538,1137,0,0,30
19926,617,613,538,1134,0,0,30
19927,619,612,544,1140,0,0,30
19928,621,612,540,1138,0,0,30
19929,616,620,537,1138,0,0,30
19930,619,618,537,1137,0,0,30
19931,618,615,542,1138,0,0,30
19932,611,613,538,1139,0,0,30
19933,616,612,536,1139,0,0,30
19934,613,609,532,1138,0,0,30
19935,611,615,539,1139,0,0,30
19936,626,603,536,1139,0,0,30
19937,616,611,541,1143,0,0,30
19938,613,607,541,1142,0,0,30
19939,616,616,541,1138,0,0,30
19940,620,613,540,1138,0,0,30
19941,605,607,537,1138,0,0,30
19942,615,614,540,1139,0,0,30
19943,619,610,542,1139,0,0,30
19944,614,611,543,1141,0,0,30
19945,611,604,542,1135,0,0,30
19946,614,618,541,1136,0,0,30
19947,620,606,538,1138,0,0,30
19948,616,604,538,1136,0,0,30
19949,617,612,544,1140,0,0,30
19950,611,605,539,1139,1,0,30
19951,613,602,535,1137,1,0,30
19952,616,613,539,1141,1,0,30
19953,620,609,540,1144,1,0,30
19954,609,620,540,1137,1,0,30
19955,611,611,539,1144,1,0,30
19956,614,603,542,1144,1,0,30
19957,610,613,539,1139,1,0,30
19958,613,607,541,1139,1,0,30
19959,617,611,538,1139,1,0,30
19960,621,611,539,1143,1,0,30
19961,618,603,540,1142,1,0,30
19962,615,605,541,1139,1,0,30
19963,616,618,541,1141,1,0,30
19964,617,618,537,1138,1,0,30
19965,617,614,540,1140,0,0,30
19966,611,614,542,1140,0,0,30
19967,616,611,537,1140,0,0,30
19968,617,611,534,1142,0,0,30
19969,619,614,534,1138,0,0,30
19970,619,615,540,1135,0,0,30
19971,615,610,533,1137,0,0,30
19972,616,620,539,1138,0,0,30
19973,617,612,540,1142,0,0,30
19974,615,612,532,1139,0,0,30
19975,615,610,539,1137,0,0,30
19976,614,610,539,1138,0,0,30
19977,616,611,547,1136,0,0,30
19978,620,613,542,1140,0,0,30
19979,615,614,539,1139,0,0,30
19980,615,615,543,1137,0,0,30
19981,618,603,539,1140,0,0,30
19982,610,611,539,1134,0,0,30
19983,615,612,542,1139,0,0,30
19984,612,608,540,1146,0,0,30
19985,621,622,538,1140,0,0,30
19986,622,612,541,1138,0,0,30
19987,619,618,540,1139,0,0,30
19988,620,603,539,1138,0,0,30
19989,617,615,543,1139,0,0,30
19990,613,612,536,1134,0,0,30
19991,614,612,539,1140,0,0,30
19992,612,610,541,1137,0,0,30
19993,617,614,541,1138,0,0,30
19994,616,615,540,1137,0,0,30
19995,613,604,540,1144,0,0,30
19996,617,626,542,1138,0,0,30
19997,616,621,541,1141,0,0,30
19998,619,617,541,1139,0,0,30
19999,612,609,538,1141,0,0,30
